[binpack1d_00.txt]
Données : nItems = 24, tailleBin = 9
Borne inférieure : 13
> First Fit Decreasing ... 13 (1ms)
[[8 ], [8 ], [7 2 ], [7 2 ], [6 3 ], [6 3 ], [5 4 ], [5 4 ], [5 4 ], [5 4 ], [5 4 ], [5 4 ], [2 2 ]]

> Recuit Simulé (Un par Bin)... 13 (73ms)
[[2 7 ], [5 4 ], [6 3 ], [3 6 ], [5 2 2 ], [4 5 ], [4 ], [4 5 ], [8 ], [4 5 ], [8 ], [5 4 ], [7 2 ]]

> Recuit Simulé (FirstFitRandom)... 13 (57ms)
[[6 3 ], [5 4 ], [8 ], [4 ], [5 2 2 ], [2 7 ], [5 4 ], [3 6 ], [2 7 ], [8 ], [4 5 ], [5 4 ], [5 4 ]]

> Méthode Tabou (Un par Bin)... 13 (204ms)
[[5 4 ], [5 4 ], [4 5 ], [8 ], [2 2 ], [8 ], [5 4 ], [4 5 ], [7 2 ], [4 5 ], [7 2 ], [6 3 ], [3 6 ]]

> Méthode Tabou (FirstFitRandom)... 13 (52ms)
[[2 2 ], [2 7 ], [5 4 ], [4 5 ], [5 4 ], [5 4 ], [7 2 ], [8 ], [8 ], [4 5 ], [6 3 ], [6 3 ], [5 4 ]]

=======================================
[binpack1d_01.txt]
Données : nItems = 250, tailleBin = 150
Borne inférieure : 99
> First Fit Decreasing ... 100 (1ms)
[[100 50 ], [100 50 ], [100 49 ], [99 49 ], [99 49 ], [98 52 ], [98 52 ], [98 49 ], [98 49 ], [98 48 ], [98 48 ], [98 47 ], [98 47 ], [97 53 ], [97 53 ], [97 53 ], [96 53 ], [96 53 ], [95 55 ], [95 55 ], [95 55 ], [94 55 ], [94 55 ], [93 57 ], [93 57 ], [92 58 ], [92 58 ], [92 58 ], [91 59 ], [91 59 ], [90 60 ], [90 60 ], [90 60 ], [88 62 ], [88 62 ], [87 62 ], [86 64 ], [85 65 ], [85 65 ], [85 64 ], [84 66 ], [84 66 ], [84 66 ], [84 61 ], [84 61 ], [83 67 ], [83 67 ], [82 68 ], [82 67 ], [82 67 ], [81 69 ], [81 69 ], [81 69 ], [81 69 ], [80 70 ], [80 70 ], [80 70 ], [80 70 ], [80 70 ], [80 70 ], [79 71 ], [79 71 ], [79 67 ], [79 60 ], [78 72 ], [78 72 ], [78 72 ], [78 60 ], [78 60 ], [78 58 ], [76 74 ], [76 74 ], [75 75 ], [74 73 ], [73 73 ], [73 57 20 ], [57 57 36 ], [57 57 36 ], [53 47 47 ], [46 46 46 ], [46 45 45 ], [45 45 45 ], [44 44 44 ], [43 43 43 20 ], [43 43 43 20 ], [43 42 42 23 ], [42 42 42 24 ], [42 41 41 26 ], [41 41 39 29 ], [39 39 39 33 ], [39 38 38 35 ], [38 38 38 36 ], [38 37 37 36 ], [36 36 35 33 ], [33 33 32 32 20 ], [32 32 30 30 25 ], [30 30 30 29 29 ], [28 27 27 27 27 ], [27 25 25 24 24 23 ], [23 23 23 22 22 22 ]]

> Recuit Simulé (Un par Bin)... 100 (197ms)
[[98 45 ], [71 79 ], [66 62 ], [22 58 29 41 ], [46 55 49 ], [59 91 ], [83 67 ], [20 88 42 ], [76 74 ], [25 41 84 ], [43 45 32 30 ], [58 92 ], [53 97 ], [75 60 ], [45 57 48 ], [73 57 20 ], [67 35 48 ], [75 37 38 ], [59 91 ], [27 50 73 ], [80 70 ], [47 38 26 39 ], [98 29 ], [68 82 ], [94 43 ], [69 81 ], [84 43 23 ], [88 62 ], [57 36 57 ], [98 46 ], [43 38 69 ], [65 85 ], [87 62 ], [25 43 82 ], [50 100 ], [85 65 ], [53 64 33 ], [24 69 57 ], [43 80 27 ], [32 82 36 ], [57 93 ], [84 66 ], [92 58 ], [42 24 42 42 ], [70 79 ], [78 44 28 ], [79 71 ], [96 53 ], [41 74 35 ], [95 55 ], [95 55 ], [84 30 36 ], [78 72 ], [30 42 78 ], [90 60 ], [36 ], [49 100 ], [27 41 60 22 ], [23 29 98 ], [60 90 ], [38 39 73 ], [53 97 ], [53 97 ], [44 46 60 ], [98 25 27 ], [46 98 ], [47 33 70 ], [24 43 83 ], [60 90 ], [23 96 30 ], [44 85 20 ], [58 92 ], [94 55 ], [67 47 36 ], [70 80 ], [39 30 81 ], [20 49 81 ], [78 72 ], [100 23 27 ], [52 98 ], [45 73 32 ], [67 61 22 ], [38 33 79 ], [80 47 23 ], [42 32 76 ], [67 45 38 ], [93 57 ], [69 81 ], [70 80 ], [66 84 ], [49 99 ], [39 74 37 ], [52 98 ], [64 86 ], [61 53 36 ], [39 78 33 ], [72 78 ], [55 95 ], [80 70 ], [49 99 ]]

> Recuit Simulé (FirstFitRandom)... 100 (183ms)
[[55 95 ], [36 57 57 ], [79 71 ], [33 43 74 ], [100 50 ], [74 30 46 ], [43 25 82 ], [78 67 ], [95 55 ], [24 53 73 ], [43 45 62 ], [39 75 36 ], [29 23 98 ], [53 97 ], [83 37 30 ], [49 100 ], [36 20 94 ], [55 95 ], [80 70 ], [27 87 36 ], [48 99 ], [66 84 ], [72 78 ], [60 67 23 ], [53 96 ], [93 57 ], [92 58 ], [22 99 29 ], [70 27 53 ], [38 73 39 ], [67 78 ], [91 39 ], [98 41 ], [70 80 ], [37 27 43 43 ], [80 70 ], [70 80 ], [29 47 35 39 ], [76 44 30 ], [72 78 ], [79 71 ], [39 38 73 ], [94 44 ], [44 98 ], [84 66 ], [42 96 ], [33 33 84 ], [73 74 ], [97 53 ], [32 20 98 ], [49 65 36 ], [47 98 ], [49 26 75 ], [20 88 42 ], [42 49 59 ], [57 47 46 ], [91 59 ], [78 30 42 ], [92 58 ], [42 80 28 ], [79 68 ], [23 32 38 55 ], [25 79 46 ], [24 85 41 ], [45 23 82 ], [35 57 58 ], [41 47 32 30 ], [93 57 ], [97 53 ], [45 98 ], [98 52 ], [62 46 42 ], [90 60 ], [92 58 ], [98 52 ], [23 67 60 ], [64 86 ], [49 32 69 ], [70 80 ], [43 84 22 ], [22 60 27 41 ], [33 ], [61 43 45 ], [81 69 ], [84 66 ], [69 81 ], [64 25 61 ], [81 45 24 ], [38 85 27 ], [78 72 ], [100 50 ], [55 38 57 ], [62 88 ], [48 20 82 ], [60 90 ], [38 76 36 ], [85 65 ], [83 67 ], [69 81 ], [90 60 ]]

> Méthode Tabou (Un par Bin)... 99 (2055ms)
[[42 67 41 ], [78 42 30 ], [98 41 ], [76 74 ], [68 82 ], [100 49 ], [45 62 43 ], [43 41 23 43 ], [80 70 ], [24 39 26 39 22 ], [71 79 ], [88 62 ], [42 24 32 25 27 ], [81 69 ], [95 55 ], [58 92 ], [36 33 44 37 ], [80 70 ], [55 95 ], [27 27 96 ], [36 38 29 47 ], [100 50 ], [32 39 79 ], [65 85 ], [32 20 98 ], [33 39 78 ], [85 65 ], [91 59 ], [43 46 61 ], [52 98 ], [55 94 ], [70 80 ], [38 74 38 ], [72 78 ], [67 47 36 ], [44 57 49 ], [91 59 ], [97 53 ], [82 67 ], [75 75 ], [45 24 38 43 ], [32 98 20 ], [30 98 22 ], [23 47 80 ], [64 86 ], [87 27 36 ], [46 28 53 23 ], [61 48 41 ], [99 49 ], [71 79 ], [55 94 ], [93 57 ], [84 66 ], [70 80 ], [83 67 ], [81 69 ], [90 60 ], [72 78 ], [97 53 ], [92 58 ], [70 80 ], [73 73 ], [33 60 57 ], [47 99 ], [64 35 22 29 ], [78 57 ], [30 84 36 ], [43 84 23 ], [98 36 ], [95 55 ], [84 66 ], [69 81 ], [83 67 ], [45 25 38 42 ], [38 27 39 46 ], [76 74 ], [92 58 ], [30 85 35 ], [25 79 46 ], [84 66 ], [53 97 ], [60 90 ], [60 90 ], [52 98 ], [70 60 20 ], [45 23 82 ], [69 81 ], [53 96 ], [93 57 ], [58 49 43 ], [62 88 ], [42 30 29 49 ], [45 57 48 ], [73 20 57 ], [50 100 ], [33 73 44 ], [98 42 ], [60 53 37 ], [78 72 ]]

> Méthode Tabou (FirstFitRandom)... 99 (177ms)
[[97 53 ], [79 28 43 ], [85 65 ], [86 64 ], [66 84 ], [95 55 ], [98 44 ], [70 80 ], [27 59 64 ], [42 69 39 ], [78 72 ], [91 59 ], [53 36 61 ], [55 95 ], [75 75 ], [84 66 ], [69 81 ], [98 52 ], [90 60 ], [67 83 ], [60 33 57 ], [43 29 78 ], [94 20 36 ], [49 99 ], [70 80 ], [97 53 ], [73 57 20 ], [57 93 ], [36 82 32 ], [39 73 38 ], [95 55 ], [49 100 ], [41 85 24 ], [27 32 91 ], [92 58 ], [70 80 ], [27 39 84 ], [48 98 ], [46 98 ], [43 84 23 ], [71 79 ], [37 70 43 ], [76 33 41 ], [72 78 ], [90 60 ], [98 45 ], [45 80 25 ], [24 93 33 ], [96 45 ], [80 38 32 ], [80 70 ], [47 45 58 ], [20 33 97 ], [90 60 ], [55 38 57 ], [36 41 73 ], [81 69 ], [98 52 ], [78 42 30 ], [81 46 23 ], [98 30 22 ], [53 72 25 ], [76 74 ], [73 47 30 ], [100 50 ], [36 27 49 38 ], [47 67 36 ], [98 48 ], [92 58 ], [62 88 ], [58 92 ], [42 94 ], [69 81 ], [84 66 ], [82 68 ], [45 82 23 ], [62 88 ], [100 50 ], [57 55 38 ], [32 96 22 ], [46 44 60 ], [44 79 27 ], [79 71 ], [37 74 39 ], [67 26 57 ], [29 57 22 42 ], [43 60 47 ], [24 53 35 38 ], [30 43 42 35 ], [83 67 ], [39 41 70 ], [65 85 ], [74 43 25 ], [20 29 78 23 ], [49 99 ], [23 49 78 ], [42 62 46 ], [30 53 67 ], [61 87 ]]

=======================================
[binpack1d_02.txt]
Données : nItems = 500, tailleBin = 150
Borne inférieure : 198
> First Fit Decreasing ... 201 (3ms)
[[100 50 ], [100 50 ], [100 50 ], [100 50 ], [100 49 ], [100 49 ], [99 51 ], [99 51 ], [99 49 ], [98 52 ], [98 52 ], [98 52 ], [98 49 ], [98 49 ], [98 49 ], [98 48 ], [98 48 ], [98 48 ], [98 48 ], [97 53 ], [97 53 ], [97 53 ], [97 53 ], [97 53 ], [97 53 ], [97 53 ], [97 53 ], [97 53 ], [96 54 ], [96 54 ], [96 54 ], [96 48 ], [96 48 ], [96 47 ], [95 55 ], [95 55 ], [95 55 ], [95 55 ], [95 55 ], [95 47 ], [95 47 ], [94 56 ], [94 56 ], [94 47 ], [94 47 ], [93 57 ], [93 57 ], [92 58 ], [92 58 ], [92 58 ], [92 58 ], [92 58 ], [92 58 ], [91 59 ], [91 59 ], [91 59 ], [91 59 ], [91 59 ], [91 57 ], [91 57 ], [90 60 ], [90 60 ], [90 60 ], [90 60 ], [90 60 ], [90 60 ], [90 60 ], [90 60 ], [90 57 ], [89 61 ], [89 61 ], [88 62 ], [88 62 ], [88 62 ], [88 62 ], [87 63 ], [87 63 ], [87 63 ], [86 64 ], [86 64 ], [86 64 ], [86 64 ], [85 65 ], [85 65 ], [85 65 ], [85 65 ], [85 64 ], [84 66 ], [84 66 ], [84 66 ], [84 66 ], [84 66 ], [84 66 ], [84 66 ], [84 64 ], [84 64 ], [84 62 ], [84 62 ], [84 61 ], [83 67 ], [83 67 ], [83 67 ], [83 67 ], [82 68 ], [82 68 ], [82 68 ], [82 68 ], [82 67 ], [81 69 ], [81 69 ], [81 69 ], [81 69 ], [81 69 ], [81 67 ], [81 67 ], [80 70 ], [80 70 ], [80 70 ], [80 70 ], [80 70 ], [80 70 ], [80 70 ], [80 70 ], [80 70 ], [80 67 ], [80 67 ], [80 67 ], [80 61 ], [79 71 ], [79 71 ], [79 71 ], [79 71 ], [79 71 ], [79 71 ], [79 61 ], [79 57 ], [78 72 ], [78 72 ], [78 72 ], [78 57 ], [78 57 ], [78 57 ], [78 57 ], [78 47 25 ], [77 73 ], [76 74 ], [76 74 ], [76 74 ], [76 74 ], [76 74 ], [76 74 ], [75 75 ], [75 75 ], [75 73 ], [73 73 ], [73 73 ], [73 73 ], [47 46 46 ], [46 46 46 ], [46 46 46 ], [46 46 45 ], [45 45 45 ], [45 45 45 ], [45 45 45 ], [44 44 44 ], [44 44 43 ], [43 43 43 21 ], [43 43 43 21 ], [43 43 42 22 ], [42 42 42 24 ], [42 42 42 24 ], [42 42 42 24 ], [42 41 41 26 ], [41 41 41 27 ], [41 40 40 29 ], [40 40 39 31 ], [39 39 39 33 ], [39 39 38 34 ], [38 38 38 36 ], [38 38 38 36 ], [38 37 37 37 ], [37 37 37 37 ], [37 36 36 36 ], [36 36 36 35 ], [35 35 35 35 ], [35 35 35 35 ], [34 34 34 33 ], [33 33 33 33 ], [32 32 32 32 22 ], [32 32 32 32 22 ], [31 31 30 30 28 ], [30 30 30 30 30 ], [30 29 29 29 29 ], [29 29 29 29 28 ], [28 28 27 27 27 ], [27 27 27 27 27 ], [26 26 26 26 26 20 ], [25 25 25 25 25 25 ], [25 24 24 24 23 23 ], [23 23 23 23 22 22 ], [21 21 20 20 20 20 ]]

> Recuit Simulé (Un par Bin)... 199 (364ms)
[[67 83 ], [82 68 ], [69 81 ], [59 91 ], [79 45 26 ], [96 24 ], [84 66 ], [91 59 ], [75 75 ], [67 83 ], [96 29 25 ], [89 61 ], [60 28 62 ], [82 29 39 ], [64 86 ], [68 80 ], [73 77 ], [95 55 ], [64 86 ], [84 66 ], [79 71 ], [67 37 46 ], [46 99 ], [85 65 ], [50 100 ], [97 53 ], [32 23 95 ], [22 94 34 ], [40 37 73 ], [55 95 ], [97 53 ], [45 79 26 ], [58 92 ], [93 57 ], [43 94 ], [67 83 ], [53 97 ], [92 58 ], [52 98 ], [78 45 26 ], [47 33 70 ], [40 84 26 ], [67 49 34 ], [41 79 30 ], [39 32 61 ], [25 73 52 ], [88 62 ], [80 27 43 ], [57 90 ], [98 42 ], [84 66 ], [46 42 27 35 ], [65 85 ], [90 60 ], [75 73 ], [90 60 ], [80 67 ], [48 98 ], [48 98 ], [28 92 30 ], [70 80 ], [70 80 ], [96 47 ], [25 91 34 ], [76 74 ], [25 51 74 ], [32 49 69 ], [64 61 25 ], [100 50 ], [90 56 ], [41 66 43 ], [69 81 ], [63 87 ], [71 79 ], [76 74 ], [50 100 ], [64 47 39 ], [64 86 ], [89 61 ], [98 47 ], [44 76 30 ], [95 55 ], [47 60 43 ], [91 57 ], [72 78 ], [32 38 80 ], [58 92 ], [49 100 ], [37 37 76 ], [93 57 ], [35 36 79 ], [35 23 90 ], [32 40 78 ], [38 67 45 ], [74 47 29 ], [27 41 82 ], [85 29 36 ], [84 66 ], [85 43 22 ], [67 21 37 25 ], [42 65 43 ], [49 98 ], [80 70 ], [22 33 95 ], [46 71 33 ], [66 45 39 ], [96 54 ], [80 70 ], [46 42 62 ], [46 98 ], [81 69 ], [73 71 ], [97 53 ], [58 35 57 ], [90 60 ], [96 54 ], [74 76 ], [82 68 ], [58 92 ], [86 31 33 ], [36 34 23 57 ], [69 81 ], [35 75 40 ], [35 92 23 ], [78 72 ], [53 97 ], [82 68 ], [31 25 94 ], [45 36 33 36 ], [84 28 38 ], [24 81 45 ], [61 43 46 ], [80 70 ], [57 67 26 ], [49 100 ], [27 37 44 42 ], [73 47 30 ], [66 84 ], [99 51 ], [94 37 ], [60 90 ], [84 28 38 ], [29 72 49 ], [80 70 ], [20 42 26 62 ], [67 83 ], [80 70 ], [91 32 27 ], [55 95 ], [65 81 ], [96 46 ], [44 25 81 ], [31 39 21 54 ], [70 80 ], [78 60 ], [74 41 35 ], [57 21 45 27 ], [30 23 97 ], [48 75 27 ], [53 59 38 ], [87 63 ], [30 30 90 ], [84 44 22 ], [29 35 43 43 ], [84 27 38 ], [88 62 ], [57 91 ], [100 50 ], [64 44 42 ], [73 48 29 ], [21 84 45 ], [20 42 88 ], [95 55 ], [24 46 80 ], [24 29 97 ], [63 87 ], [48 38 64 ], [30 78 41 ], [56 53 41 ], [76 32 42 ], [57 35 58 ], [53 97 ], [39 33 78 ], [36 78 36 ], [24 84 42 ], [71 79 ], [59 45 46 ], [97 53 ], [52 98 ], [59 91 ], [37 73 20 20 ], [60 42 48 ], [85 36 ], [29 23 98 ], [79 71 ], [32 20 98 ], [24 27 99 ], [88 62 ], [38 22 90 ]]

> Recuit Simulé (FirstFitRandom)... 199 (346ms)
[[36 57 57 ], [70 80 ], [36 78 36 ], [50 100 ], [42 26 82 ], [46 31 73 ], [62 25 63 ], [98 48 ], [91 59 ], [68 82 ], [45 21 84 ], [53 96 ], [80 70 ], [68 82 ], [84 66 ], [69 81 ], [22 37 91 ], [66 54 30 ], [47 61 40 ], [53 48 49 ], [79 29 42 ], [52 98 ], [94 56 ], [58 70 22 ], [47 98 ], [65 33 24 28 ], [97 27 26 ], [94 36 20 ], [59 45 46 ], [49 100 ], [37 67 46 ], [27 84 39 ], [80 60 ], [71 79 ], [83 67 ], [65 85 ], [98 49 ], [75 61 ], [27 95 27 ], [59 91 ], [27 22 94 ], [27 80 43 ], [34 37 47 32 ], [78 33 39 ], [62 88 ], [58 92 ], [27 66 57 ], [86 64 ], [91 ], [78 47 25 ], [36 30 84 ], [100 50 ], [66 84 ], [65 85 ], [95 55 ], [76 32 42 ], [53 97 ], [69 38 43 ], [91 29 30 ], [69 81 ], [99 41 ], [38 48 64 ], [70 80 ], [46 39 64 ], [55 95 ], [25 46 36 43 ], [41 47 62 ], [60 90 ], [84 66 ], [81 69 ], [68 82 ], [46 45 24 35 ], [59 91 ], [44 96 ], [90 26 34 ], [55 95 ], [23 85 42 ], [23 38 46 43 ], [96 43 ], [23 32 95 ], [97 53 ], [32 21 97 ], [53 97 ], [20 26 79 25 ], [58 92 ], [78 72 ], [71 79 ], [45 37 67 ], [27 44 79 ], [62 88 ], [35 83 32 ], [80 29 41 ], [84 41 25 ], [93 57 ], [81 34 35 ], [75 75 ], [60 90 ], [98 49 ], [100 50 ], [60 90 ], [42 37 71 ], [20 31 99 ], [84 35 31 ], [53 97 ], [57 20 73 ], [23 42 85 ], [43 67 40 ], [58 35 57 ], [29 61 60 ], [42 79 29 ], [36 57 57 ], [100 49 ], [81 69 ], [66 84 ], [55 95 ], [90 60 ], [51 33 66 ], [78 72 ], [27 84 39 ], [29 73 48 ], [88 40 22 ], [79 71 ], [87 63 ], [70 80 ], [45 80 25 ], [96 54 ], [76 73 ], [90 60 ], [38 45 67 ], [32 38 80 ], [28 23 99 ], [76 74 ], [26 24 98 ], [76 41 33 ], [89 61 ], [64 86 ], [97 53 ], [91 59 ], [98 49 ], [92 58 ], [64 86 ], [42 78 30 ], [39 92 ], [74 52 24 ], [78 43 29 ], [72 78 ], [68 81 ], [80 70 ], [90 30 30 ], [97 53 ], [77 73 ], [52 98 ], [38 22 90 ], [86 64 ], [76 74 ], [48 42 60 ], [94 56 ], [46 97 ], [54 96 ], [24 81 45 ], [35 42 73 ], [57 47 46 ], [39 67 44 ], [93 57 ], [51 26 73 ], [88 62 ], [35 45 70 ], [55 67 28 ], [46 29 75 ], [37 92 21 ], [21 25 64 40 ], [65 85 ], [48 30 71 ], [63 87 ], [83 23 34 ], [50 100 ], [42 28 80 ], [74 76 ], [67 38 45 ], [44 98 ], [67 73 ], [53 96 ], [47 98 ], [37 38 75 ], [89 61 ], [71 79 ], [83 67 ], [80 70 ], [43 33 74 ], [25 35 90 ], [80 70 ], [32 41 32 45 ], [36 30 84 ], [35 20 95 ], [33 43 74 ], [84 37 29 ], [24 44 82 ], [92 58 ], [87 62 ]]

> Méthode Tabou (Un par Bin)... 199 (3926ms)
[[73 41 36 ], [35 45 27 43 ], [43 84 23 ], [90 60 ], [20 79 51 ], [60 25 29 36 ], [34 35 49 32 ], [46 46 58 ], [25 31 94 ], [91 24 35 ], [20 88 42 ], [69 81 ], [97 53 ], [41 96 ], [57 40 53 ], [78 61 ], [86 64 ], [88 62 ], [67 62 21 ], [98 47 ], [29 94 27 ], [84 66 ], [87 63 ], [82 68 ], [82 22 46 ], [66 84 ], [54 96 ], [78 51 21 ], [74 76 ], [52 98 ], [33 27 40 21 29 ], [69 81 ], [47 99 ], [46 47 57 ], [35 92 23 ], [44 28 78 ], [90 60 ], [96 42 ], [70 80 ], [92 58 ], [71 79 ], [81 69 ], [59 91 ], [81 69 ], [80 27 43 ], [50 100 ], [44 26 80 ], [42 42 66 ], [58 92 ], [73 40 37 ], [98 52 ], [38 95 ], [46 98 ], [44 64 42 ], [49 73 28 ], [52 98 ], [45 32 73 ], [91 59 ], [49 100 ], [80 70 ], [55 95 ], [68 82 ], [24 38 38 50 ], [89 61 ], [67 83 ], [24 84 42 ], [99 48 ], [21 29 26 41 33 ], [62 88 ], [85 65 ], [45 44 32 29 ], [32 39 79 ], [100 23 27 ], [73 37 40 ], [39 96 ], [53 97 ], [20 85 45 ], [90 25 35 ], [50 100 ], [74 76 ], [36 20 37 57 ], [48 57 45 ], [99 48 ], [31 41 78 ], [39 43 43 25 ], [42 47 61 ], [24 81 45 ], [74 76 ], [74 76 ], [96 54 ], [83 67 ], [27 31 92 ], [98 47 ], [29 23 98 ], [71 79 ], [60 28 62 ], [95 55 ], [38 32 80 ], [57 33 30 30 ], [57 93 ], [45 98 ], [72 78 ], [46 41 63 ], [56 94 ], [82 68 ], [30 36 84 ], [38 84 28 ], [38 48 26 38 ], [37 22 91 ], [37 46 67 ], [78 30 42 ], [95 55 ], [60 90 ], [53 97 ], [34 80 36 ], [70 25 55 ], [86 64 ], [97 53 ], [92 58 ], [35 79 36 ], [70 80 ], [100 49 ], [71 79 ], [82 68 ], [74 76 ], [70 80 ], [84 66 ], [75 75 ], [30 39 81 ], [90 60 ], [84 66 ], [73 76 ], [97 27 26 ], [26 95 29 ], [67 83 ], [84 66 ], [95 55 ], [30 71 49 ], [60 90 ], [98 29 23 ], [65 85 ], [98 45 ], [85 65 ], [64 86 ], [47 42 39 22 ], [64 84 ], [80 70 ], [96 54 ], [45 41 22 42 ], [59 91 ], [80 70 ], [34 43 36 37 ], [59 91 ], [38 25 87 ], [43 34 73 ], [65 85 ], [77 73 ], [92 58 ], [64 61 25 ], [60 90 ], [23 48 22 25 32 ], [67 83 ], [64 86 ], [24 36 90 ], [67 30 53 ], [53 97 ], [87 63 ], [84 66 ], [44 49 57 ], [80 67 ], [71 79 ], [61 89 ], [90 27 33 ], [78 72 ], [97 53 ], [67 57 26 ], [72 78 ], [81 69 ], [32 46 39 33 ], [50 100 ], [46 67 37 ], [95 20 35 ], [56 94 ], [43 33 74 ], [58 47 45 ], [57 93 ], [75 27 48 ], [59 91 ], [42 43 30 35 ], [70 80 ], [35 46 32 37 ], [62 84 ], [71 79 ], [57 ], [70 80 ], [97 29 24 ], [75 75 ], [62 88 ], [97 53 ]]

> Méthode Tabou (FirstFitRandom)... 200 (372ms)
[[92 58 ], [50 100 ], [50 61 39 ], [57 20 29 44 ], [71 79 ], [92 58 ], [50 43 57 ], [67 46 37 ], [84 41 ], [99 47 ], [57 44 49 ], [38 55 57 ], [79 71 ], [84 66 ], [36 ], [96 54 ], [96 54 ], [35 35 80 ], [64 47 39 ], [21 30 43 56 ], [39 23 39 49 ], [84 66 ], [81 26 43 ], [85 65 ], [58 92 ], [62 32 32 24 ], [35 20 95 ], [43 90 ], [37 71 42 ], [60 90 ], [52 37 61 ], [89 61 ], [83 67 ], [36 82 32 ], [63 42 45 ], [20 94 36 ], [72 78 ], [97 22 31 ], [72 78 ], [73 60 ], [55 95 ], [70 38 42 ], [48 100 ], [74 27 49 ], [100 27 23 ], [62 84 ], [70 80 ], [79 70 ], [58 25 67 ], [90 29 31 ], [21 24 46 59 ], [42 60 48 ], [23 81 46 ], [25 98 27 ], [41 81 28 ], [64 86 ], [28 80 42 ], [28 67 51 ], [90 60 ], [66 84 ], [61 89 ], [84 66 ], [47 98 ], [96 45 ], [82 43 25 ], [84 31 35 ], [91 59 ], [68 82 ], [96 54 ], [98 41 ], [36 45 69 ], [73 76 ], [67 66 ], [67 83 ], [70 80 ], [68 29 53 ], [57 20 73 ], [27 80 43 ], [42 78 30 ], [34 79 36 ], [38 80 32 ], [91 45 ], [59 91 ], [87 27 36 ], [48 67 35 ], [78 71 ], [75 62 ], [24 80 46 ], [81 69 ], [24 85 41 ], [100 49 ], [81 69 ], [25 30 95 ], [96 46 ], [43 61 46 ], [80 70 ], [95 55 ], [56 94 ], [51 99 ], [81 69 ], [46 78 26 ], [55 95 ], [42 71 37 ], [35 40 75 ], [22 44 84 ], [23 79 48 ], [97 53 ], [47 40 37 26 ], [92 47 ], [53 97 ], [53 97 ], [47 30 73 ], [49 100 ], [88 26 36 ], [69 78 ], [29 22 99 ], [46 25 32 47 ], [21 41 88 ], [100 50 ], [82 68 ], [26 91 33 ], [34 73 43 ], [88 62 ], [57 93 ], [74 76 ], [32 42 76 ], [67 83 ], [22 30 98 ], [27 96 27 ], [75 73 ], [52 98 ], [90 60 ], [24 42 84 ], [53 97 ], [95 29 26 ], [67 83 ], [58 92 ], [94 30 25 ], [64 29 57 ], [64 85 ], [57 93 ], [57 66 27 ], [33 92 25 ], [74 76 ], [21 94 35 ], [57 32 38 23 ], [77 73 ], [46 98 ], [66 84 ], [45 27 78 ], [85 65 ], [38 48 34 30 ], [37 38 74 ], [58 90 ], [68 80 ], [98 45 ], [91 59 ], [98 32 20 ], [95 55 ], [63 87 ], [62 75 ], [22 91 37 ], [60 23 67 ], [49 33 28 40 ], [53 97 ], [45 75 30 ], [97 53 ], [34 39 76 ], [80 70 ], [86 64 ], [84 33 33 ], [62 88 ], [45 90 ], [52 98 ], [70 80 ], [65 85 ], [42 64 44 ], [29 82 39 ], [46 25 79 ], [64 86 ], [97 53 ], [91 59 ], [86 44 ], [35 36 79 ], [60 90 ], [74 38 38 ], [53 97 ], [70 80 ], [98 48 ], [72 78 ], [81 45 24 ], [90 60 ], [65 42 43 ], [84 33 29 ], [29 41 80 ], [70 35 45 ], [63 87 ], [71 79 ], [74 76 ], [37 40 73 ]]

=======================================
[binpack1d_03.txt]
Données : nItems = 60, tailleBin = 1000
Borne inférieure : 20
> First Fit Decreasing ... 23 (1ms)
[[495 474 ], [473 472 ], [466 450 ], [445 444 ], [439 430 ], [419 414 ], [410 395 ], [372 370 258 ], [366 366 268 ], [366 363 271 ], [361 357 275 ], [355 351 292 ], [350 350 299 ], [347 320 315 ], [307 303 298 ], [298 288 287 ], [283 275 274 ], [273 273 272 ], [272 269 269 ], [263 262 261 ], [259 255 254 ], [252 252 252 ], [251 ]]

> Recuit Simulé (Un par Bin)... 21 (43ms)
[[252 275 473 ], [272 262 466 ], [430 299 271 ], [254 439 307 ], [255 395 350 ], [372 258 370 ], [298 495 ], [410 298 292 ], [315 414 269 ], [445 252 303 ], [251 ], [419 320 261 ], [363 357 272 ], [351 361 288 ], [347 366 287 ], [444 283 273 ], [366 366 268 ], [259 269 472 ], [263 350 355 ], [450 275 273 ], [274 474 252 ]]

> Recuit Simulé (FirstFitRandom)... 21 (43ms)
[[251 ], [370 273 357 ], [410 287 303 ], [307 254 439 ], [347 298 355 ], [255 350 395 ], [320 419 261 ], [315 430 252 ], [361 273 366 ], [275 444 272 ], [363 366 271 ], [445 272 283 ], [372 366 262 ], [298 288 414 ], [473 252 275 ], [252 274 474 ], [466 263 269 ], [351 350 299 ], [495 268 ], [258 292 450 ], [472 259 269 ]]

> Méthode Tabou (Un par Bin)... 21 (365ms)
[[495 252 252 ], [251 ], [439 274 275 ], [262 288 450 ], [287 350 363 ], [255 299 444 ], [263 466 271 ], [366 268 366 ], [269 472 259 ], [445 303 252 ], [410 275 315 ], [366 351 283 ], [357 273 370 ], [292 347 361 ], [473 258 269 ], [272 430 298 ], [272 254 474 ], [298 307 395 ], [320 419 261 ], [414 350 ], [355 372 273 ]]

> Méthode Tabou (FirstFitRandom)... 21 (44ms)
[[350 255 395 ], [254 474 272 ], [466 275 259 ], [350 361 288 ], [495 268 ], [272 414 307 ], [271 430 299 ], [355 298 347 ], [439 287 274 ], [473 258 269 ], [292 263 444 ], [366 351 283 ], [273 472 252 ], [372 366 262 ], [251 ], [357 370 273 ], [363 366 269 ], [275 410 315 ], [298 450 252 ], [261 419 320 ], [252 445 303 ]]

=======================================
[binpack1d_04.txt]
Données : nItems = 120, tailleBin = 1000
Borne inférieure : 40
> First Fit Decreasing ... 45 (0ms)
[[497 497 ], [495 485 ], [480 478 ], [474 473 ], [472 470 ], [466 450 ], [446 445 ], [445 444 ], [439 434 ], [430 420 ], [419 414 ], [412 410 ], [407 405 ], [400 397 ], [395 376 ], [372 370 258 ], [366 366 268 ], [366 366 267 ], [366 363 271 ], [363 362 275 ], [361 357 282 ], [357 356 287 ], [356 355 288 ], [352 351 295 ], [350 350 299 ], [350 347 303 ], [336 333 329 ], [325 320 315 ], [314 313 307 ], [302 301 298 ], [298 298 294 ], [292 290 283 ], [282 276 275 ], [274 273 273 ], [272 272 271 ], [269 269 267 ], [266 263 263 ], [262 262 261 ], [260 259 259 ], [259 256 255 ], [254 254 254 ], [253 253 253 ], [253 252 252 ], [252 252 251 ], [251 250 250 ]]

> Recuit Simulé (Un par Bin)... 41 (77ms)
[[298 336 366 ], [361 273 366 ], [351 350 299 ], [252 274 474 ], [298 445 254 ], [275 252 473 ], [445 275 260 ], [267 480 253 ], [268 282 450 ], [283 397 320 ], [258 376 366 ], [272 250 478 ], [295 407 298 ], [444 253 303 ], [313 430 256 ], [370 273 357 ], [356 372 272 ], [333 414 253 ], [253 497 250 ], [262 ], [251 497 252 ], [301 294 405 ], [315 419 266 ], [412 329 259 ], [325 420 255 ], [439 292 269 ], [269 472 259 ], [466 263 271 ], [352 366 282 ], [446 302 252 ], [288 350 362 ], [470 267 263 ], [400 262 251 ], [495 355 ], [347 363 290 ], [261 485 254 ], [350 395 254 ], [259 307 434 ], [366 363 271 ], [276 410 314 ], [357 287 356 ]]

> Recuit Simulé (FirstFitRandom)... 41 (74ms)
[[251 ], [366 363 271 ], [282 445 273 ], [294 301 405 ], [397 252 351 ], [497 252 251 ], [253 262 485 ], [434 292 274 ], [439 295 266 ], [250 497 253 ], [275 473 252 ], [446 298 256 ], [350 400 250 ], [258 376 366 ], [315 352 333 ], [356 287 357 ], [261 480 259 ], [474 272 254 ], [282 495 ], [466 263 269 ], [325 407 268 ], [267 366 366 ], [355 288 357 ], [254 302 444 ], [260 420 320 ], [445 272 283 ], [414 273 313 ], [329 299 372 ], [290 298 412 ], [271 470 259 ], [350 347 303 ], [255 350 395 ], [472 275 253 ], [336 254 410 ], [362 356 259 ], [298 252 450 ], [478 253 269 ], [267 314 419 ], [370 262 366 ], [263 307 430 ], [363 276 361 ]]

> Méthode Tabou (Un par Bin)... 41 (867ms)
[[276 254 470 ], [272 262 466 ], [253 274 473 ], [395 252 350 ], [295 259 446 ], [495 253 252 ], [485 254 261 ], [362 356 282 ], [255 315 430 ], [282 272 445 ], [363 366 271 ], [269 472 259 ], [252 251 497 ], [252 303 445 ], [434 298 268 ], [350 298 352 ], [299 372 329 ], [287 412 301 ], [336 397 267 ], [370 361 269 ], [254 480 266 ], [258 366 376 ], [271 363 366 ], [283 450 267 ], [419 256 325 ], [414 273 313 ], [355 288 357 ], [497 250 253 ], [275 251 474 ], [333 407 260 ], [478 259 263 ], [294 444 262 ], [366 275 356 ], [410 350 ], [347 253 400 ], [250 ], [298 439 263 ], [273 307 420 ], [405 290 302 ], [357 292 351 ], [320 314 366 ]]

> Méthode Tabou (FirstFitRandom)... 41 (74ms)
[[253 445 302 ], [269 470 259 ], [357 287 356 ], [434 259 307 ], [275 450 275 ], [376 272 352 ], [250 272 478 ], [254 351 395 ], [298 295 407 ], [288 414 298 ], [446 292 262 ], [267 253 480 ], [271 363 366 ], [347 303 350 ], [405 336 259 ], [276 361 363 ], [290 495 ], [253 410 314 ], [366 301 333 ], [329 271 400 ], [250 ], [252 282 466 ], [366 262 372 ], [362 355 282 ], [273 370 357 ], [366 268 366 ], [266 474 260 ], [254 274 472 ], [251 497 252 ], [261 254 485 ], [439 298 263 ], [269 258 473 ], [397 350 253 ], [445 256 299 ], [350 294 356 ], [420 313 267 ], [419 252 320 ], [444 273 283 ], [252 251 497 ], [430 315 255 ], [325 412 263 ]]

=======================================
[binpack1d_05.txt]
Données : nItems = 249, tailleBin = 1000
Borne inférieure : 83
> First Fit Decreasing ... 94 (0ms)
[[498 497 ], [497 497 ], [496 495 ], [495 492 ], [491 491 ], [490 488 ], [485 485 ], [485 485 ], [481 480 ], [480 479 ], [478 474 ], [473 473 ], [472 471 ], [470 469 ], [466 464 ], [462 450 ], [446 446 ], [445 445 ], [444 441 ], [441 439 ], [437 434 ], [430 426 ], [426 422 ], [421 420 ], [419 419 ], [415 414 ], [412 410 ], [407 406 ], [405 404 ], [400 397 ], [395 393 ], [392 392 ], [392 386 ], [385 382 ], [376 372 252 ], [370 370 260 ], [367 367 266 ], [366 366 268 ], [366 366 267 ], [366 365 269 ], [363 363 274 ], [362 361 277 ], [359 357 283 ], [357 357 282 ], [356 356 288 ], [355 355 290 ], [352 351 297 ], [351 350 299 ], [350 350 298 ], [350 347 303 ], [346 344 310 ], [342 337 320 ], [336 333 330 ], [333 329 325 ], [318 318 315 ], [314 314 313 ], [312 308 308 ], [307 305 302 ], [301 298 298 ], [295 294 294 ], [294 293 293 ], [292 291 287 ], [287 287 282 ], [281 281 280 ], [278 276 276 ], [276 275 275 ], [275 274 274 ], [274 273 273 ], [272 272 272 ], [271 271 271 ], [271 271 269 ], [269 269 267 ], [265 264 264 ], [264 263 263 ], [263 262 262 ], [262 261 261 ], [260 260 259 ], [259 259 259 ], [259 259 258 ], [258 258 258 ], [258 257 256 ], [255 255 255 ], [255 255 255 ], [254 254 254 ], [254 254 253 ], [253 253 253 ], [253 253 253 ], [252 252 252 ], [252 252 252 ], [251 251 251 ], [251 251 251 ], [250 250 250 250 ], [250 250 250 250 ], [250 250 ]]

> Recuit Simulé (Un par Bin)... 84 (143ms)
[[293 314 393 ], [365 269 366 ], [264 265 471 ], [281 367 352 ], [271 366 363 ], [346 298 356 ], [290 366 344 ], [269 251 480 ], [253 488 259 ], [275 359 366 ], [274 472 254 ], [434 278 288 ], [273 254 473 ], [495 254 251 ], [274 252 474 ], [407 298 295 ], [415 291 294 ], [250 269 481 ], [480 260 260 ], [267 350 382 ], [271 478 251 ], [419 271 310 ], [350 376 274 ], [271 470 259 ], [308 307 385 ], [441 283 276 ], [392 275 333 ], [485 252 263 ], [420 293 272 ], [253 485 262 ], [308 262 430 ], [272 262 466 ], [259 250 491 ], [355 250 395 ], [406 336 258 ], [275 ], [251 258 491 ], [302 254 444 ], [252 397 351 ], [421 264 315 ], [250 400 350 ], [372 362 250 ], [479 271 250 ], [405 266 329 ], [496 497 ], [351 257 392 ], [297 441 261 ], [255 469 276 ], [255 292 264 ], [303 258 437 ], [260 255 485 ], [347 366 287 ], [314 330 356 ], [497 253 250 ], [350 287 363 ], [263 404 333 ], [361 386 253 ], [272 446 282 ], [498 252 250 ], [287 422 255 ], [320 268 412 ], [273 357 370 ], [426 259 313 ], [355 253 392 ], [258 490 251 ], [263 419 318 ], [414 325 261 ], [318 312 370 ], [255 299 446 ], [250 258 492 ], [495 253 252 ], [294 267 439 ], [445 281 274 ], [250 277 473 ], [254 282 464 ], [462 255 280 ], [276 357 367 ], [410 337 253 ], [497 252 251 ], [485 259 256 ], [445 294 259 ], [301 357 342 ], [252 450 298 ], [269 305 426 ]]

> Recuit Simulé (FirstFitRandom)... 84 (140ms)
[[250 253 497 ], [298 400 302 ], [491 259 250 ], [269 251 426 ], [485 262 253 ], [372 355 273 ], [255 250 495 ], [347 290 363 ], [254 470 276 ], [318 263 419 ], [250 491 259 ], [253 350 397 ], [355 ], [497 252 251 ], [291 295 414 ], [357 496 ], [437 253 310 ], [430 250 320 ], [497 253 250 ], [382 363 255 ], [254 282 464 ], [366 356 278 ], [297 376 268 ], [434 258 308 ], [288 420 292 ], [264 350 386 ], [480 261 259 ], [276 312 412 ], [271 367 362 ], [481 269 250 ], [253 492 255 ], [260 446 294 ], [333 274 393 ], [258 252 490 ], [266 472 262 ], [315 259 426 ], [395 255 350 ], [276 357 367 ], [366 283 351 ], [421 271 308 ], [462 287 251 ], [287 439 274 ], [254 251 495 ], [287 272 441 ], [366 333 301 ], [392 294 314 ], [298 350 352 ], [370 356 274 ], [252 498 250 ], [293 444 263 ], [265 261 474 ], [466 260 274 ], [271 392 337 ], [445 273 281 ], [342 406 252 ], [357 307 336 ], [267 329 404 ], [366 269 365 ], [361 385 254 ], [293 359 346 ], [366 370 264 ], [251 258 485 ], [478 264 258 ], [259 250 410 ], [272 257 471 ], [252 445 303 ], [258 415 325 ], [275 407 318 ], [277 441 281 ], [294 392 314 ], [485 252 263 ], [422 280 298 ], [255 272 473 ], [305 351 344 ], [260 271 469 ], [253 480 267 ], [251 330 419 ], [252 479 269 ], [256 473 271 ], [488 250 262 ], [275 275 450 ], [485 259 254 ], [405 282 313 ], [299 255 446 ]]

> Méthode Tabou (Un par Bin)... 84 (1757ms)
[[252 497 250 ], [420 250 330 ], [259 450 291 ], [264 251 485 ], [251 252 497 ], [480 262 258 ], [292 361 347 ], [392 251 357 ], [366 329 305 ], [473 275 252 ], [272 441 287 ], [404 308 288 ], [275 410 315 ], [446 259 295 ], [298 320 382 ], [395 346 259 ], [441 269 290 ], [293 344 363 ], [299 294 407 ], [357 276 367 ], [250 495 255 ], [268 466 266 ], [254 255 491 ], [426 318 255 ], [496 269 ], [298 366 336 ], [366 337 297 ], [253 392 355 ], [372 363 264 ], [333 406 261 ], [342 253 405 ], [260 250 490 ], [250 ], [356 294 350 ], [293 393 314 ], [283 351 366 ], [252 471 277 ], [259 269 472 ], [414 312 274 ], [250 276 474 ], [421 254 325 ], [263 367 370 ], [481 250 269 ], [287 351 362 ], [274 370 356 ], [366 275 359 ], [419 287 294 ], [274 376 350 ], [318 419 263 ], [469 258 273 ], [314 415 271 ], [253 434 313 ], [267 260 473 ], [262 250 488 ], [259 271 470 ], [259 256 485 ], [445 281 274 ], [485 254 261 ], [258 263 479 ], [272 446 282 ], [265 271 464 ], [258 392 350 ], [301 444 255 ], [262 485 253 ], [365 280 355 ], [495 253 252 ], [302 422 276 ], [252 491 257 ], [251 397 352 ], [253 497 250 ], [272 430 298 ], [307 412 281 ], [439 251 310 ], [350 386 264 ], [273 282 445 ], [308 255 437 ], [251 478 271 ], [252 498 250 ], [260 462 278 ], [258 357 385 ], [271 303 426 ], [492 255 253 ], [254 480 254 ], [267 400 333 ]]

> Méthode Tabou (FirstFitRandom)... 84 (139ms)
[[253 439 308 ], [260 314 426 ], [252 473 275 ], [330 407 263 ], [251 264 485 ], [274 256 470 ], [250 498 252 ], [441 271 288 ], [253 262 485 ], [298 ], [258 491 251 ], [259 485 253 ], [497 251 252 ], [252 366 382 ], [272 282 446 ], [253 250 497 ], [261 259 480 ], [357 370 273 ], [294 291 415 ], [257 491 252 ], [397 251 352 ], [385 365 250 ], [325 312 363 ], [479 250 271 ], [258 462 280 ], [466 275 259 ], [264 366 370 ], [287 363 350 ], [276 395 329 ], [356 351 293 ], [264 350 386 ], [250 469 281 ], [253 250 497 ], [350 392 258 ], [355 350 295 ], [410 320 269 ], [333 275 392 ], [255 490 255 ], [372 271 357 ], [492 253 254 ], [254 250 496 ], [278 272 450 ], [299 344 357 ], [445 254 301 ], [481 376 ], [367 271 362 ], [267 255 478 ], [282 253 406 ], [265 485 250 ], [263 318 419 ], [254 258 488 ], [351 290 359 ], [310 419 271 ], [495 255 250 ], [269 472 259 ], [444 294 262 ], [281 274 445 ], [305 441 254 ], [318 261 421 ], [366 298 336 ], [303 400 297 ], [347 298 355 ], [287 346 367 ], [274 333 393 ], [260 269 471 ], [480 267 252 ], [272 473 255 ], [361 366 273 ], [283 404 313 ], [252 474 274 ], [315 414 268 ], [292 446 262 ], [293 420 287 ], [356 276 366 ], [277 259 464 ], [430 263 307 ], [250 495 255 ], [276 302 422 ], [269 294 437 ], [266 342 392 ], [260 314 426 ], [259 405 251 ], [412 251 337 ], [434 258 308 ]]

=======================================
[binpack1d_06.txt]
Données : nItems = 501, tailleBin = 1000
Borne inférieure : 167
> First Fit Decreasing ... 190 (1ms)
[[498 498 ], [498 497 ], [497 497 ], [496 496 ], [495 495 ], [495 493 ], [493 492 ], [491 491 ], [490 490 ], [488 488 ], [487 487 ], [485 485 ], [485 485 ], [484 483 ], [481 480 ], [480 480 ], [479 479 ], [478 478 ], [478 475 ], [475 474 ], [473 473 ], [472 471 ], [470 469 ], [467 467 ], [466 465 ], [464 463 ], [462 460 ], [459 457 ], [456 456 ], [456 455 ], [451 450 ], [447 446 ], [446 446 ], [445 445 ], [445 445 ], [444 443 ], [442 441 ], [441 439 ], [437 437 ], [434 434 ], [433 433 ], [430 426 ], [426 425 ], [425 425 ], [423 422 ], [421 421 ], [420 419 ], [419 419 ], [418 418 ], [418 418 ], [417 417 ], [415 414 ], [413 412 ], [410 410 ], [407 406 ], [406 405 ], [404 402 ], [401 400 ], [399 398 ], [397 395 ], [395 394 ], [394 393 ], [393 392 ], [392 392 ], [392 390 ], [386 385 ], [383 382 ], [381 381 ], [381 381 ], [379 377 ], [377 376 ], [376 375 ], [375 375 250 ], [373 372 255 ], [372 370 258 ], [370 369 261 ], [369 369 262 ], [367 367 266 ], [366 366 268 ], [366 366 268 ], [366 365 269 ], [364 363 273 ], [363 363 274 ], [362 362 276 ], [361 359 280 ], [359 357 284 ], [357 357 285 ], [356 356 288 ], [356 356 288 ], [355 355 290 ], [354 354 292 ], [352 352 296 ], [351 351 298 ], [350 350 299 ], [350 350 299 ], [350 349 301 ], [347 347 306 ], [347 347 305 ], [346 346 308 ], [344 344 312 ], [343 343 314 ], [342 342 315 ], [340 340 320 ], [340 340 320 ], [339 338 323 ], [337 336 326 ], [334 333 333 ], [333 333 331 ], [331 330 329 ], [329 325 324 ], [324 321 318 ], [318 318 317 ], [314 313 313 ], [312 310 308 ], [307 307 307 ], [303 302 301 ], [301 299 298 ], [298 298 298 ], [297 297 296 ], [295 295 294 ], [294 294 294 ], [293 293 292 ], [291 291 291 ], [291 290 289 ], [287 287 287 ], [287 287 287 ], [285 285 285 ], [284 283 283 ], [282 282 282 ], [282 282 281 ], [281 281 280 ], [280 280 278 ], [277 276 276 ], [276 275 275 ], [275 275 275 ], [275 275 274 ], [274 274 274 ], [274 274 274 ], [274 273 273 ], [273 273 272 ], [272 272 272 ], [272 271 271 ], [271 271 271 ], [271 271 271 ], [270 270 270 ], [269 269 269 ], [269 269 269 ], [267 267 267 ], [267 267 267 ], [266 265 265 ], [265 264 264 ], [264 264 263 ], [263 263 263 ], [263 262 262 ], [262 262 262 ], [261 261 260 ], [260 260 260 ], [259 259 259 ], [259 259 259 ], [259 259 259 ], [259 259 259 ], [259 258 258 ], [258 258 258 ], [258 258 258 ], [258 258 257 ], [257 257 256 ], [256 256 256 ], [256 255 255 ], [255 255 255 ], [255 255 255 ], [255 254 254 ], [254 254 254 ], [254 254 254 ], [254 254 254 ], [254 254 253 ], [253 253 253 ], [253 253 253 ], [253 253 253 ], [253 253 253 ], [253 252 252 ], [252 252 252 ], [252 252 252 ], [252 252 252 ], [252 251 251 ], [251 251 251 ], [251 251 251 ], [251 250 250 ], [250 250 250 250 ], [250 250 250 250 ], [250 250 250 250 ]]

> Recuit Simulé (Un par Bin)... 168 (286ms)
[[291 347 362 ], [259 318 421 ], [445 271 284 ], [497 252 251 ], [259 392 349 ], [491 258 251 ], [381 275 344 ], [312 281 407 ], [250 495 255 ], [250 253 497 ], [419 487 ], [418 313 269 ], [342 299 356 ], [274 270 456 ], [262 447 291 ], [351 376 273 ], [392 339 269 ], [297 451 252 ], [478 272 250 ], [467 266 267 ], [456 253 291 ], [255 280 465 ], [278 375 347 ], [363 385 250 ], [282 276 417 ], [350 375 275 ], [406 277 317 ], [271 469 260 ], [340 366 294 ], [366 382 252 ], [485 265 250 ], [263 256 481 ], [251 433 287 ], [254 399 347 ], [255 330 414 ], [271 425 290 ], [367 274 359 ], [394 255 351 ], [480 253 267 ], [487 261 252 ], [296 354 350 ], [343 307 350 ], [455 466 ], [274 420 306 ], [254 379 367 ], [495 253 252 ], [263 252 485 ], [267 446 287 ], [254 274 470 ], [402 343 255 ], [457 272 271 ], [363 377 258 ], [479 262 258 ], [437 269 294 ], [412 275 313 ], [269 478 253 ], [490 252 258 ], [485 253 262 ], [250 496 254 ], [307 285 405 ], [354 392 250 ], [314 419 267 ], [336 253 334 ], [308 320 372 ], [381 346 273 ], [252 260 488 ], [459 270 271 ], [430 298 272 ], [255 495 250 ], [269 259 364 ], [410 258 331 ], [302 280 418 ], [254 434 312 ], [271 254 475 ], [496 254 250 ], [383 366 251 ], [493 254 253 ], [393 320 287 ], [355 288 357 ], [480 256 264 ], [340 406 254 ], [498 498 ], [285 441 274 ], [250 259 491 ], [437 267 289 ], [381 264 355 ], [301 342 356 ], [369 333 298 ], [274 253 473 ], [404 263 333 ], [418 272 310 ], [375 366 259 ], [281 255 464 ], [270 471 259 ], [472 269 259 ], [439 267 294 ], [410 264 326 ], [259 423 318 ], [365 272 363 ], [257 419 324 ], [413 271 315 ], [293 292 415 ], [258 441 301 ], [357 350 293 ], [299 256 445 ], [359 271 370 ], [488 252 260 ], [280 462 258 ], [295 287 418 ], [460 275 264 ], [445 262 292 ], [356 386 258 ], [421 283 295 ], [370 253 377 ], [442 260 298 ], [250 276 474 ], [298 276 426 ], [273 473 254 ], [475 266 259 ], [265 478 257 ], [254 369 372 ], [280 444 276 ], [253 301 446 ], [251 256 493 ], [250 333 417 ], [268 450 282 ], [422 303 274 ], [273 333 394 ], [252 265 483 ], [305 397 298 ], [253 352 275 ], [484 261 255 ], [251 257 492 ], [275 258 395 ], [269 479 252 ], [253 497 250 ], [352 366 282 ], [290 426 284 ], [400 282 318 ], [390 337 273 ], [307 331 362 ], [434 285 281 ], [258 398 344 ], [395 338 263 ], [296 259 445 ], [480 256 258 ], [263 446 291 ], [259 490 251 ], [373 340 287 ], [456 294 250 ], [467 259 274 ], [288 425 251 ], [282 255 463 ], [381 357 262 ], [254 350 393 ], [299 340 361 ], [369 376 255 ], [314 261 425 ], [250 252 498 ], [321 329 254 ], [485 262 253 ], [392 323 285 ], [251 287 268 ], [347 297 356 ], [308 259 433 ], [329 346 325 ], [274 443 283 ], [324 275 401 ]]

> Recuit Simulé (FirstFitRandom)... 168 (269ms)
[[445 274 281 ], [347 366 284 ], [268 260 472 ], [278 297 425 ], [331 375 294 ], [272 262 464 ], [496 250 254 ], [306 257 437 ], [291 425 282 ], [479 259 262 ], [340 287 373 ], [287 267 446 ], [272 255 473 ], [272 253 474 ], [318 307 375 ], [260 255 485 ], [259 250 491 ], [271 400 329 ], [271 377 352 ], [359 347 294 ], [324 418 258 ], [252 355 393 ], [406 274 320 ], [372 263 365 ], [410 250 340 ], [272 250 478 ], [288 252 460 ], [333 370 297 ], [265 356 379 ], [333 415 252 ], [381 357 259 ], [445 299 256 ], [255 301 444 ], [255 250 495 ], [258 492 250 ], [344 274 382 ], [283 466 251 ], [407 342 251 ], [252 426 318 ], [274 259 467 ], [299 430 271 ], [367 321 312 ], [254 333 413 ], [485 495 ], [267 478 255 ], [253 418 329 ], [426 264 310 ], [273 434 293 ], [299 417 284 ], [370 350 280 ], [281 425 294 ], [294 254 386 ], [254 488 258 ], [252 456 291 ], [419 317 264 ], [439 275 273 ], [491 251 258 ], [357 307 336 ], [356 274 330 ], [271 442 287 ], [262 469 269 ], [315 267 418 ], [401 326 273 ], [298 277 393 ], [271 470 259 ], [250 497 253 ], [465 262 273 ], [287 256 457 ], [267 253 480 ], [296 451 253 ], [275 434 291 ], [381 290 263 ], [263 314 423 ], [437 256 307 ], [471 254 275 ], [285 270 445 ], [265 410 325 ], [259 485 256 ], [261 283 456 ], [250 369 381 ], [252 450 289 ], [257 479 264 ], [351 259 390 ], [276 377 347 ], [343 295 362 ], [441 255 303 ], [254 488 258 ], [259 398 343 ], [262 480 258 ], [301 419 280 ], [392 340 268 ], [256 419 324 ], [445 263 292 ], [255 478 267 ], [302 312 357 ], [493 ], [383 347 270 ], [340 285 375 ], [259 405 334 ], [363 274 363 ], [258 354 376 ], [356 298 346 ], [372 269 359 ], [257 467 276 ], [259 254 487 ], [392 349 259 ], [261 421 318 ], [369 281 350 ], [292 342 366 ], [350 381 269 ], [274 253 473 ], [275 269 455 ], [367 361 272 ], [313 433 254 ], [255 350 395 ], [421 274 305 ], [406 344 250 ], [280 397 323 ], [337 394 269 ], [267 446 287 ], [475 250 275 ], [254 495 251 ], [253 254 493 ], [253 414 333 ], [366 282 352 ], [261 254 485 ], [346 392 252 ], [399 263 338 ], [441 301 258 ], [250 252 498 ], [392 350 258 ], [253 285 462 ], [351 254 395 ], [252 369 298 ], [296 285 417 ], [456 274 266 ], [258 259 483 ], [251 253 496 ], [308 276 412 ], [420 298 282 ], [288 366 271 ], [354 282 364 ], [433 269 298 ], [490 250 260 ], [497 252 251 ], [463 250 287 ], [355 394 251 ], [252 250 498 ], [313 418 269 ], [271 475 254 ], [314 282 404 ], [402 290 308 ], [258 422 320 ], [265 480 255 ], [251 251 498 ], [366 275 356 ], [275 363 362 ], [291 262 447 ], [253 490 255 ], [293 376 331 ], [339 385 276 ], [253 487 260 ], [252 264 484 ], [266 253 481 ], [446 259 295 ], [497 250 253 ], [280 443 273 ], [459 271 270 ]]

> Méthode Tabou (Un par Bin)... 168 (3622ms)
[[480 254 258 ], [417 330 253 ], [471 275 254 ], [473 274 253 ], [259 481 260 ], [305 414 281 ], [470 270 260 ], [275 445 280 ], [255 495 250 ], [253 262 485 ], [456 256 288 ], [296 451 253 ], [287 422 291 ], [251 251 498 ], [284 253 463 ], [255 252 493 ], [258 485 257 ], [467 274 259 ], [340 320 340 ], [366 381 253 ], [480 253 267 ], [362 276 362 ], [437 271 271 ], [350 275 375 ], [343 392 265 ], [423 262 315 ], [302 339 359 ], [252 419 329 ], [252 397 351 ], [320 418 261 ], [354 372 274 ], [496 253 251 ], [347 392 261 ], [257 350 393 ], [425 318 257 ], [456 269 275 ], [282 272 446 ], [303 417 280 ], [289 290 421 ], [256 392 352 ], [280 421 299 ], [437 291 272 ], [325 357 318 ], [277 381 342 ], [264 386 350 ], [363 267 370 ], [356 271 373 ], [344 312 344 ], [324 418 258 ], [250 443 250 ], [334 254 412 ], [413 254 333 ], [274 267 459 ], [402 336 262 ], [261 294 445 ], [445 292 263 ], [250 498 252 ], [464 281 255 ], [258 259 483 ], [285 258 457 ], [367 357 276 ], [377 337 285 ], [314 294 392 ], [252 383 365 ], [425 274 301 ], [406 268 326 ], [375 266 359 ], [355 369 276 ], [434 293 273 ], [255 270 475 ], [497 253 250 ], [265 434 301 ], [354 274 372 ], [363 329 308 ], [425 297 274 ], [495 250 255 ], [256 272 472 ], [485 263 252 ], [292 313 395 ], [340 398 262 ], [446 272 282 ], [275 430 295 ], [381 349 270 ], [381 366 253 ], [290 269 441 ], [361 269 370 ], [253 254 493 ], [419 284 297 ], [254 455 291 ], [479 259 262 ], [250 401 346 ], [275 318 407 ], [298 420 282 ], [433 269 298 ], [259 418 323 ], [276 255 469 ], [264 478 258 ], [333 252 415 ], [294 301 405 ], [445 287 268 ], [307 379 313 ], [273 394 333 ], [306 444 250 ], [496 351 ], [331 410 259 ], [487 255 258 ], [264 271 465 ], [250 ], [367 364 269 ], [399 350 251 ], [251 252 497 ], [497 250 253 ], [287 287 426 ], [467 250 283 ], [288 308 404 ], [256 271 473 ], [484 251 265 ], [406 254 340 ], [263 394 343 ], [298 356 346 ], [393 312 295 ], [298 263 439 ], [426 299 275 ], [294 259 447 ], [487 259 254 ], [259 491 250 ], [258 282 460 ], [419 321 260 ], [485 252 263 ], [478 255 267 ], [281 273 446 ], [369 298 333 ], [253 285 462 ], [488 252 260 ], [271 475 254 ], [363 271 366 ], [259 291 450 ], [418 299 283 ], [490 258 252 ], [269 400 331 ], [310 314 376 ], [317 410 273 ], [377 267 356 ], [272 474 254 ], [478 258 264 ], [287 357 355 ], [254 356 390 ], [259 488 253 ], [347 271 382 ], [274 293 433 ], [495 255 250 ], [479 255 266 ], [287 347 366 ], [282 366 352 ], [376 274 350 ], [258 492 250 ], [342 385 273 ], [498 251 251 ], [262 296 442 ], [285 259 456 ], [441 307 252 ], [307 369 324 ], [375 278 347 ], [280 466 254 ], [395 338 267 ], [259 491 250 ], [254 490 256 ], [251 480 269 ]]

> Méthode Tabou (FirstFitRandom)... 168 (281ms)
[[269 443 288 ], [434 306 259 ], [285 269 446 ], [393 333 274 ], [355 392 253 ], [313 288 399 ], [253 287 460 ], [259 485 256 ], [250 363 386 ], [487 262 251 ], [291 439 270 ], [417 321 262 ], [257 272 471 ], [343 398 259 ], [342 376 282 ], [280 254 466 ], [250 492 258 ], [497 498 ], [473 268 250 ], [401 259 340 ], [290 334 376 ], [296 354 350 ], [484 263 253 ], [418 320 262 ], [292 339 369 ], [404 271 325 ], [259 465 276 ], [456 269 275 ], [394 308 298 ], [498 250 252 ], [336 366 298 ], [342 357 301 ], [264 478 258 ], [298 282 420 ], [274 252 474 ], [297 447 253 ], [314 405 281 ], [253 268 479 ], [442 262 296 ], [392 347 259 ], [274 359 270 ], [250 381 369 ], [290 364 346 ], [299 291 406 ], [269 251 480 ], [295 418 287 ], [281 256 463 ], [259 262 350 ], [250 254 496 ], [258 320 422 ], [324 297 379 ], [344 351 305 ], [446 267 287 ], [490 269 ], [367 366 267 ], [257 251 491 ], [381 251 366 ], [276 274 450 ], [298 441 261 ], [481 265 254 ], [373 252 375 ], [258 469 273 ], [253 312 419 ], [273 394 333 ], [271 377 350 ], [337 293 370 ], [485 259 256 ], [344 259 397 ], [400 250 350 ], [255 487 258 ], [419 250 331 ], [263 444 293 ], [352 382 266 ], [274 253 473 ], [470 271 259 ], [390 284 326 ], [480 265 255 ], [251 264 485 ], [281 274 445 ], [479 266 254 ], [392 356 252 ], [355 280 363 ], [267 310 423 ], [259 472 267 ], [357 271 372 ], [274 475 251 ], [419 254 317 ], [252 252 496 ], [298 285 417 ], [250 383 271 ], [267 331 402 ], [329 370 301 ], [254 406 340 ], [287 258 455 ], [445 278 273 ], [410 340 250 ], [272 253 475 ], [287 338 375 ], [280 255 433 ], [295 349 356 ], [254 365 381 ], [491 255 254 ], [392 350 258 ], [318 425 256 ], [318 257 425 ], [255 485 260 ], [259 253 488 ], [263 291 446 ], [464 253 283 ], [252 258 483 ], [255 294 451 ], [467 258 275 ], [377 271 352 ], [255 493 252 ], [347 369 284 ], [351 292 356 ], [285 426 289 ], [275 330 395 ], [274 269 457 ], [312 323 294 ], [418 307 275 ], [267 367 366 ], [251 493 256 ], [478 263 259 ], [413 254 333 ], [252 318 430 ], [497 253 250 ], [294 285 421 ], [299 275 426 ], [354 261 385 ], [272 395 333 ], [418 283 299 ], [276 415 303 ], [272 421 307 ], [272 495 ], [269 294 437 ], [260 467 273 ], [301 254 445 ], [441 282 274 ], [359 366 265 ], [456 271 273 ], [480 260 260 ], [271 315 414 ], [329 410 261 ], [282 282 434 ], [375 372 253 ], [324 412 264 ], [275 462 263 ], [258 425 314 ], [275 363 362 ], [250 255 495 ], [252 497 251 ], [340 313 347 ], [255 490 253 ], [433 276 291 ], [302 445 253 ], [346 307 347 ], [495 251 254 ], [407 343 250 ], [287 459 254 ], [255 308 437 ], [264 456 280 ], [361 277 362 ], [488 258 254 ], [357 262 381 ], [356 393 250 ], [478 270 252 ], [250 252 498 ]]

=======================================
[binpack1d_11.txt]
Données : nItems = 50, tailleBin = 100
Borne inférieure : 25
> First Fit Decreasing ... 25 (0ms)
[[99 ], [99 ], [96 3 ], [96 ], [92 7 ], [92 7 ], [91 ], [88 11 ], [87 13 ], [86 14 ], [85 10 ], [76 24 ], [74 25 ], [72 28 ], [69 30 ], [67 33 ], [67 33 ], [62 30 ], [61 29 ], [56 44 ], [52 46 ], [51 49 ], [42 40 17 ], [40 28 27 ], [23 22 21 20 ]]

> Recuit Simulé (Un par Bin)... 25 (63ms)
[[7 92 ], [14 86 ], [61 22 17 ], [28 72 ], [44 56 ], [92 7 ], [88 11 ], [76 24 ], [96 ], [87 13 ], [23 3 74 ], [69 30 ], [33 67 ], [85 10 ], [20 40 40 ], [21 27 52 ], [49 51 ], [62 ], [91 ], [42 30 28 ], [33 67 ], [29 25 46 ], [99 ], [99 ], [96 ]]

> Recuit Simulé (FirstFitRandom)... 25 (59ms)
[[28 72 ], [85 10 ], [62 ], [67 33 ], [33 67 ], [99 ], [56 44 ], [99 ], [28 42 30 ], [13 87 ], [11 88 ], [92 7 ], [27 21 52 ], [92 7 ], [61 17 22 ], [96 ], [3 74 23 ], [96 ], [40 20 40 ], [49 51 ], [86 14 ], [25 29 46 ], [69 30 ], [76 24 ], [91 ]]

> Méthode Tabou (Un par Bin)... 25 (297ms)
[[10 88 ], [72 28 ], [69 30 ], [99 ], [86 14 ], [56 44 ], [46 52 ], [30 61 ], [96 ], [7 92 ], [85 ], [51 49 ], [91 ], [20 28 29 23 ], [99 ], [96 3 ], [33 67 ], [21 22 17 40 ], [67 33 ], [27 62 11 ], [74 25 ], [24 76 ], [42 40 ], [87 13 ], [92 7 ]]

> Méthode Tabou (FirstFitRandom)... 25 (56ms)
[[67 33 ], [28 72 ], [7 92 ], [24 30 46 ], [3 96 ], [7 92 ], [51 49 ], [30 69 ], [91 ], [40 20 40 ], [67 33 ], [23 76 ], [99 ], [44 56 ], [13 87 ], [99 ], [14 86 ], [85 ], [27 52 21 ], [25 74 ], [29 42 ], [61 22 17 ], [10 62 28 ], [96 ], [88 11 ]]

=======================================
[binpack1d_12.txt]
Données : nItems = 50, tailleBin = 120
Borne inférieure : 26
> First Fit Decreasing ... 29 (0ms)
[[97 ], [95 ], [91 ], [89 30 ], [88 30 ], [87 33 ], [86 ], [83 36 ], [82 ], [82 ], [81 ], [73 47 ], [73 45 ], [69 51 ], [69 51 ], [68 52 ], [68 51 ], [68 49 ], [65 55 ], [62 58 ], [61 58 ], [60 60 ], [60 58 ], [56 54 ], [54 49 ], [44 43 ], [42 42 ], [41 41 ], [40 ]]

> Recuit Simulé (Un par Bin)... 29 (54ms)
[[95 ], [43 41 36 ], [89 30 ], [86 ], [73 47 ], [58 62 ], [91 ], [87 33 ], [42 41 ], [68 51 ], [73 45 ], [60 60 ], [54 49 ], [49 68 ], [97 ], [55 65 ], [40 ], [58 61 ], [30 88 ], [82 ], [56 54 ], [51 69 ], [83 ], [60 58 ], [42 44 ], [81 ], [51 69 ], [52 68 ], [82 ]]

> Recuit Simulé (FirstFitRandom)... 29 (55ms)
[[82 ], [51 68 ], [86 ], [56 54 ], [81 ], [87 33 ], [60 58 ], [91 ], [69 51 ], [73 45 ], [61 58 ], [82 ], [68 52 ], [49 54 ], [30 89 ], [60 60 ], [68 49 ], [42 41 ], [44 42 ], [95 ], [51 69 ], [62 58 ], [97 ], [73 47 ], [40 ], [30 88 ], [83 ], [36 43 41 ], [65 55 ]]

> Méthode Tabou (Un par Bin)... 29 (434ms)
[[82 ], [68 51 ], [65 55 ], [54 56 ], [60 60 ], [68 52 ], [44 43 ], [68 49 ], [49 54 ], [58 62 ], [69 51 ], [42 42 36 ], [86 ], [30 89 ], [97 ], [82 ], [88 30 ], [91 ], [69 51 ], [58 60 ], [83 ], [40 ], [95 ], [73 45 ], [41 41 ], [73 47 ], [58 61 ], [87 33 ], [81 ]]

> Méthode Tabou (FirstFitRandom)... 29 (53ms)
[[95 ], [91 ], [45 73 ], [83 ], [30 89 ], [82 ], [86 ], [54 56 ], [69 51 ], [68 52 ], [58 62 ], [44 54 ], [87 33 ], [82 ], [58 61 ], [42 42 ], [51 69 ], [30 49 41 ], [49 68 ], [81 ], [51 68 ], [88 ], [36 43 41 ], [58 60 ], [47 73 ], [65 55 ], [60 60 ], [40 ], [97 ]]

=======================================
[binpack1d_13.txt]
Données : nItems = 500, tailleBin = 120
Borne inférieure : 252
> First Fit Decreasing ... 258 (1ms)
[[100 20 ], [100 20 ], [100 20 ], [100 20 ], [100 ], [100 ], [99 21 ], [99 21 ], [99 21 ], [99 21 ], [99 21 ], [99 21 ], [99 ], [99 ], [98 22 ], [98 22 ], [98 22 ], [98 22 ], [98 22 ], [98 22 ], [97 23 ], [97 23 ], [97 23 ], [97 23 ], [97 23 ], [97 23 ], [97 23 ], [97 23 ], [97 23 ], [97 23 ], [97 22 ], [97 ], [96 24 ], [96 24 ], [96 24 ], [96 ], [96 ], [95 25 ], [95 25 ], [95 25 ], [95 25 ], [95 25 ], [94 26 ], [94 26 ], [94 26 ], [94 26 ], [94 26 ], [94 26 ], [94 25 ], [94 ], [93 27 ], [93 27 ], [93 27 ], [93 27 ], [92 28 ], [92 28 ], [92 28 ], [92 28 ], [92 28 ], [92 28 ], [92 27 ], [91 29 ], [91 29 ], [91 29 ], [91 29 ], [91 29 ], [91 29 ], [91 27 ], [91 27 ], [90 30 ], [90 30 ], [90 30 ], [90 27 ], [90 27 ], [90 ], [90 ], [90 ], [90 ], [89 31 ], [89 31 ], [89 31 ], [89 ], [89 ], [89 ], [89 ], [89 ], [88 32 ], [88 32 ], [87 33 ], [87 33 ], [87 33 ], [87 33 ], [86 34 ], [86 34 ], [86 34 ], [86 34 ], [86 34 ], [85 35 ], [85 35 ], [85 35 ], [85 34 ], [85 34 ], [84 36 ], [84 36 ], [84 36 ], [84 36 ], [84 34 ], [84 33 ], [83 37 ], [83 37 ], [83 37 ], [82 38 ], [82 38 ], [82 38 ], [82 38 ], [82 37 ], [81 39 ], [81 39 ], [81 39 ], [81 39 ], [81 37 ], [81 33 ], [81 33 ], [80 40 ], [80 40 ], [80 40 ], [79 41 ], [79 41 ], [79 41 ], [79 41 ], [79 41 ], [79 41 ], [79 41 ], [79 41 ], [79 40 ], [79 40 ], [79 40 ], [79 40 ], [78 42 ], [78 42 ], [78 42 ], [78 42 ], [78 40 ], [78 33 ], [78 33 ], [78 33 ], [78 33 ], [77 43 ], [77 43 ], [77 43 ], [77 43 ], [77 43 ], [77 43 ], [77 43 ], [77 43 ], [76 44 ], [76 44 ], [76 44 ], [76 44 ], [76 44 ], [76 44 ], [75 45 ], [75 45 ], [75 45 ], [75 45 ], [74 46 ], [74 46 ], [74 46 ], [74 46 ], [74 46 ], [74 46 ], [74 46 ], [74 45 ], [73 47 ], [73 47 ], [73 47 ], [73 47 ], [73 47 ], [73 47 ], [73 45 ], [72 48 ], [72 48 ], [72 48 ], [72 48 ], [71 49 ], [71 49 ], [71 49 ], [70 50 ], [70 50 ], [70 50 ], [70 50 ], [70 50 ], [70 50 ], [70 50 ], [69 51 ], [69 51 ], [69 51 ], [69 51 ], [68 52 ], [68 52 ], [68 52 ], [67 53 ], [67 53 ], [67 53 ], [67 53 ], [67 53 ], [67 53 ], [66 54 ], [66 54 ], [66 54 ], [66 54 ], [66 53 ], [66 52 ], [65 55 ], [65 55 ], [65 55 ], [65 55 ], [65 55 ], [64 56 ], [64 56 ], [64 56 ], [64 56 ], [64 56 ], [64 56 ], [64 56 ], [63 57 ], [63 57 ], [63 57 ], [63 57 ], [63 57 ], [62 58 ], [62 58 ], [62 58 ], [62 58 ], [62 58 ], [62 58 ], [61 59 ], [61 59 ], [61 59 ], [61 59 ], [61 58 ], [61 57 ], [61 57 ], [60 60 ], [60 60 ], [60 60 ], [60 57 ], [55 52 ], [52 52 ], [51 51 ], [51 51 ], [50 49 ], [49 49 ], [49 45 ], [45 44 ], [44 43 33 ], [32 32 32 ], [32 ]]

> Recuit Simulé (Un par Bin)... 258 (403ms)
[[69 51 ], [80 40 ], [45 75 ], [43 77 ], [50 70 ], [81 39 ], [81 39 ], [51 33 33 ], [97 23 ], [47 33 40 ], [28 92 ], [75 45 ], [45 74 ], [47 73 ], [66 54 ], [94 26 ], [78 32 ], [53 67 ], [58 62 ], [77 43 ], [95 25 ], [50 70 ], [98 22 ], [91 27 ], [70 50 ], [27 93 ], [33 87 ], [33 81 ], [68 52 ], [51 69 ], [90 30 ], [97 23 ], [52 45 ], [21 99 ], [91 29 ], [63 57 ], [95 25 ], [91 29 ], [22 96 ], [53 67 ], [55 65 ], [31 89 ], [60 55 ], [57 61 ], [68 52 ], [53 67 ], [54 66 ], [60 60 ], [31 89 ], [58 62 ], [58 62 ], [23 97 ], [92 28 ], [32 ], [46 74 ], [28 92 ], [22 98 ], [36 84 ], [99 21 ], [78 33 ], [50 49 21 ], [99 21 ], [98 22 ], [23 97 ], [91 29 ], [84 36 ], [82 38 ], [63 57 ], [89 ], [91 27 ], [61 59 ], [42 78 ], [94 25 ], [25 95 ], [44 76 ], [52 49 ], [46 74 ], [47 70 ], [51 69 ], [90 ], [37 83 ], [96 24 ], [99 ], [55 65 ], [86 34 ], [50 43 27 ], [44 76 ], [99 ], [81 34 ], [94 26 ], [38 82 ], [34 86 ], [89 ], [95 25 ], [66 52 ], [63 57 ], [74 46 ], [51 65 ], [63 57 ], [52 51 ], [81 37 ], [72 48 ], [77 43 ], [76 44 ], [77 43 ], [29 91 ], [44 76 ], [75 45 ], [75 45 ], [84 36 ], [66 53 ], [79 41 ], [37 82 ], [58 62 ], [78 42 ], [26 94 ], [22 98 ], [34 84 ], [63 57 ], [76 44 ], [73 45 ], [92 28 ], [48 72 ], [97 23 ], [33 87 ], [97 23 ], [41 79 ], [54 66 ], [26 94 ], [81 39 ], [87 33 ], [84 36 ], [49 71 ], [89 ], [90 ], [93 27 ], [79 41 ], [44 73 ], [90 ], [82 38 ], [92 28 ], [65 55 ], [49 71 ], [66 54 ], [87 33 ], [79 41 ], [27 92 ], [79 41 ], [46 74 ], [99 21 ], [73 47 ], [90 30 ], [67 53 ], [64 56 ], [59 61 ], [42 78 ], [64 55 ], [32 88 ], [90 ], [72 48 ], [23 97 ], [57 62 ], [97 ], [56 64 ], [73 45 ], [35 85 ], [37 83 ], [52 68 ], [85 35 ], [47 73 ], [79 40 ], [78 33 ], [89 31 ], [73 47 ], [70 50 ], [20 100 ], [24 96 ], [99 ], [43 77 ], [91 29 ], [33 78 ], [89 ], [90 30 ], [20 100 ], [60 60 ], [50 70 ], [93 27 ], [80 40 ], [98 22 ], [38 82 ], [96 24 ], [79 41 ], [100 ], [49 51 ], [86 34 ], [43 77 ], [93 27 ], [20 100 ], [43 77 ], [97 23 ], [97 23 ], [56 64 ], [90 ], [46 74 ], [90 ], [23 97 ], [67 53 ], [62 58 ], [64 56 ], [32 84 ], [74 46 ], [55 65 ], [79 40 ], [72 48 ], [61 59 ], [85 34 ], [56 64 ], [79 40 ], [49 71 ], [60 60 ], [56 57 ], [83 37 ], [35 85 ], [53 67 ], [21 99 ], [81 39 ], [69 51 ], [94 26 ], [74 46 ], [25 95 ], [43 77 ], [97 ], [32 78 ], [33 85 ], [79 41 ], [100 20 ], [61 59 ], [80 40 ], [94 ], [40 79 ], [44 49 27 ], [44 76 ], [58 61 ], [91 29 ], [86 34 ], [26 94 ], [61 58 ], [70 50 ], [89 ], [41 79 ], [86 34 ], [42 78 ], [28 92 ], [96 ], [64 56 ], [98 22 ], [100 ], [88 32 ]]

> Recuit Simulé (FirstFitRandom)... 258 (390ms)
[[57 63 ], [46 74 ], [67 53 ], [97 ], [25 95 ], [25 94 ], [80 40 ], [32 81 ], [90 ], [23 97 ], [22 98 ], [43 77 ], [27 93 ], [40 78 ], [99 21 ], [44 76 ], [91 29 ], [74 46 ], [50 70 ], [94 26 ], [74 46 ], [43 77 ], [27 93 ], [62 58 ], [32 88 ], [57 63 ], [65 55 ], [97 23 ], [33 84 ], [100 20 ], [61 57 ], [22 97 ], [90 ], [50 49 21 ], [27 60 33 ], [74 46 ], [27 91 ], [96 24 ], [87 33 ], [75 45 ], [84 36 ], [90 ], [39 81 ], [72 48 ], [32 88 ], [52 66 ], [34 86 ], [100 ], [86 34 ], [58 62 ], [61 59 ], [20 100 ], [49 50 ], [59 61 ], [96 ], [94 26 ], [47 73 ], [27 90 ], [97 23 ], [64 56 ], [22 98 ], [43 77 ], [20 100 ], [51 69 ], [47 73 ], [25 95 ], [56 64 ], [35 85 ], [22 98 ], [77 43 ], [89 ], [53 67 ], [28 92 ], [97 23 ], [26 94 ], [94 ], [35 85 ], [84 36 ], [44 ], [89 ], [30 90 ], [42 78 ], [39 81 ], [41 79 ], [67 53 ], [58 62 ], [37 82 ], [78 32 ], [89 ], [90 30 ], [95 25 ], [34 86 ], [97 ], [28 92 ], [84 36 ], [40 79 ], [83 37 ], [90 ], [81 37 ], [97 23 ], [96 ], [90 30 ], [99 ], [89 31 ], [33 85 ], [92 28 ], [65 49 ], [92 28 ], [50 70 ], [95 25 ], [43 77 ], [24 96 ], [45 74 ], [91 27 ], [73 47 ], [65 55 ], [66 52 ], [26 94 ], [22 98 ], [65 55 ], [78 ], [67 52 ], [58 61 ], [38 82 ], [84 36 ], [29 91 ], [26 94 ], [55 65 ], [73 47 ], [21 99 ], [39 81 ], [23 52 45 ], [59 61 ], [29 91 ], [89 ], [80 40 ], [83 37 ], [60 60 ], [43 77 ], [33 84 ], [72 48 ], [34 85 ], [27 93 ], [41 79 ], [51 51 ], [32 82 ], [89 ], [79 41 ], [51 69 ], [57 60 ], [48 72 ], [63 57 ], [75 45 ], [92 28 ], [79 40 ], [87 33 ], [89 31 ], [68 52 ], [40 80 ], [76 44 ], [60 60 ], [86 34 ], [76 44 ], [64 56 ], [66 54 ], [99 ], [86 34 ], [92 27 ], [76 44 ], [87 33 ], [38 34 48 ], [25 95 ], [53 66 ], [74 46 ], [29 91 ], [51 69 ], [53 67 ], [29 91 ], [77 43 ], [63 57 ], [38 82 ], [47 73 ], [100 ], [55 60 ], [49 71 ], [22 98 ], [31 89 ], [64 56 ], [53 57 ], [99 21 ], [64 56 ], [26 94 ], [75 45 ], [67 53 ], [41 79 ], [73 47 ], [20 100 ], [64 56 ], [99 21 ], [33 44 43 ], [61 59 ], [51 69 ], [42 78 ], [54 66 ], [43 77 ], [62 58 ], [74 45 ], [91 29 ], [72 45 ], [23 97 ], [76 44 ], [81 34 ], [92 28 ], [54 33 33 ], [42 78 ], [79 40 ], [50 70 ], [76 44 ], [73 46 ], [55 61 ], [70 49 ], [37 83 ], [49 71 ], [51 51 ], [33 87 ], [39 81 ], [82 38 ], [66 54 ], [23 97 ], [79 40 ], [49 71 ], [62 58 ], [97 23 ], [50 70 ], [42 78 ], [79 41 ], [41 79 ], [33 78 ], [70 50 ], [45 75 ], [68 52 ], [97 23 ], [64 56 ], [21 99 ], [96 24 ], [41 79 ], [27 93 ], [74 46 ], [78 32 ], [79 41 ], [99 ], [90 ], [63 57 ], [35 85 ], [68 52 ], [50 70 ], [98 22 ], [58 62 ]]

> Méthode Tabou (Un par Bin)... 257 (4173ms)
[[49 71 ], [88 32 ], [62 58 ], [55 65 ], [22 98 ], [30 90 ], [44 76 ], [94 26 ], [20 100 ], [77 43 ], [23 97 ], [96 ], [44 49 27 ], [45 75 ], [91 27 ], [53 67 ], [90 ], [40 80 ], [95 25 ], [41 79 ], [79 41 ], [79 41 ], [46 74 ], [46 74 ], [99 21 ], [21 99 ], [21 99 ], [33 84 ], [81 33 ], [38 82 ], [97 ], [71 49 ], [33 54 33 ], [35 85 ], [72 48 ], [76 44 ], [90 ], [73 47 ], [20 100 ], [53 67 ], [99 21 ], [35 85 ], [32 78 ], [87 33 ], [96 24 ], [37 83 ], [89 ], [61 57 ], [72 48 ], [95 25 ], [59 61 ], [99 21 ], [50 70 ], [25 95 ], [34 85 ], [23 97 ], [28 92 ], [77 43 ], [26 94 ], [54 66 ], [29 91 ], [40 79 ], [57 63 ], [52 68 ], [45 26 49 ], [65 55 ], [29 91 ], [60 60 ], [51 51 ], [81 39 ], [44 33 43 ], [34 86 ], [57 63 ], [50 70 ], [33 87 ], [36 84 ], [53 67 ], [64 56 ], [47 73 ], [98 22 ], [32 78 ], [91 29 ], [90 ], [33 87 ], [89 31 ], [78 42 ], [40 79 ], [58 62 ], [26 94 ], [62 58 ], [60 60 ], [36 84 ], [72 48 ], [65 55 ], [100 ], [33 81 ], [67 53 ], [100 20 ], [33 87 ], [90 27 ], [97 23 ], [94 ], [22 98 ], [58 62 ], [66 53 ], [97 23 ], [39 81 ], [90 ], [89 31 ], [23 97 ], [27 93 ], [33 84 ], [68 52 ], [47 73 ], [64 56 ], [49 25 45 ], [91 29 ], [60 60 ], [27 93 ], [55 52 ], [66 52 ], [70 50 ], [81 37 ], [39 81 ], [72 48 ], [63 57 ], [27 91 ], [70 50 ], [91 29 ], [97 22 ], [49 71 ], [64 56 ], [54 66 ], [26 94 ], [54 66 ], [64 56 ], [36 84 ], [66 52 ], [30 90 ], [69 51 ], [51 69 ], [63 57 ], [73 47 ], [94 ], [32 78 ], [94 ], [89 ], [67 53 ], [85 33 ], [89 ], [37 83 ], [32 88 ], [23 97 ], [80 40 ], [70 50 ], [74 46 ], [40 80 ], [99 ], [28 92 ], [20 100 ], [57 63 ], [34 86 ], [86 34 ], [100 ], [21 99 ], [56 64 ], [50 49 ], [79 41 ], [90 ], [25 95 ], [23 97 ], [61 59 ], [34 86 ], [45 75 ], [51 51 ], [91 29 ], [38 82 ], [70 50 ], [92 27 ], [73 45 ], [65 55 ], [98 22 ], [67 53 ], [79 41 ], [85 35 ], [83 37 ], [97 23 ], [78 42 ], [78 32 ], [76 44 ], [92 28 ], [45 75 ], [98 22 ], [59 61 ], [40 79 ], [82 38 ], [84 36 ], [43 77 ], [77 43 ], [22 98 ], [56 64 ], [41 79 ], [89 ], [75 45 ], [30 90 ], [52 34 34 ], [55 65 ], [73 47 ], [25 95 ], [73 47 ], [44 76 ], [99 ], [56 64 ], [86 34 ], [28 92 ], [93 27 ], [51 69 ], [97 23 ], [46 74 ], [46 74 ], [81 39 ], [93 27 ], [76 44 ], [82 37 ], [57 61 ], [77 43 ], [74 46 ], [96 ], [92 28 ], [61 59 ], [89 ], [58 62 ], [58 62 ], [41 79 ], [43 77 ], [42 78 ], [74 45 ], [41 79 ], [40 79 ], [61 58 ], [51 69 ], [78 40 ], [50 70 ], [52 68 ], [74 46 ], [24 96 ], [43 77 ], [76 44 ], [23 97 ], [38 82 ], [31 89 ], [60 57 ], [77 43 ], [92 28 ], [24 96 ], [78 42 ], [94 26 ]]

> Méthode Tabou (FirstFitRandom)... 258 (403ms)
[[62 58 ], [47 73 ], [66 52 ], [27 90 ], [29 91 ], [55 65 ], [61 59 ], [33 87 ], [50 70 ], [47 73 ], [90 ], [94 26 ], [21 99 ], [32 78 ], [64 56 ], [44 76 ], [42 78 ], [36 84 ], [43 77 ], [98 22 ], [95 25 ], [51 69 ], [89 31 ], [41 79 ], [22 98 ], [43 77 ], [62 57 ], [87 33 ], [31 89 ], [97 23 ], [40 80 ], [20 100 ], [73 47 ], [65 55 ], [91 29 ], [45 74 ], [100 ], [73 47 ], [45 75 ], [56 64 ], [49 51 ], [48 72 ], [85 35 ], [79 41 ], [77 ], [59 61 ], [99 21 ], [49 71 ], [62 58 ], [39 81 ], [92 28 ], [78 40 ], [21 99 ], [53 67 ], [25 95 ], [97 23 ], [61 59 ], [58 62 ], [65 55 ], [77 43 ], [74 46 ], [92 27 ], [28 92 ], [90 ], [42 78 ], [52 66 ], [49 71 ], [99 21 ], [44 76 ], [99 ], [63 57 ], [42 78 ], [67 53 ], [23 97 ], [99 21 ], [90 30 ], [92 28 ], [58 54 ], [45 75 ], [26 94 ], [69 51 ], [61 59 ], [70 50 ], [97 23 ], [37 83 ], [44 76 ], [51 25 44 ], [40 79 ], [81 39 ], [34 86 ], [94 ], [89 31 ], [44 76 ], [50 70 ], [40 79 ], [92 28 ], [37 81 ], [33 81 ], [54 66 ], [74 45 ], [72 48 ], [41 79 ], [73 47 ], [90 30 ], [52 68 ], [50 70 ], [46 74 ], [95 ], [49 ], [66 53 ], [46 74 ], [45 75 ], [89 ], [60 60 ], [100 ], [58 61 ], [52 63 ], [89 ], [67 53 ], [56 64 ], [57 51 ], [89 ], [40 80 ], [67 53 ], [91 29 ], [20 100 ], [33 84 ], [53 67 ], [60 51 ], [33 87 ], [33 81 ], [78 ], [81 39 ], [82 38 ], [70 50 ], [82 38 ], [61 57 ], [27 91 ], [22 98 ], [29 91 ], [64 56 ], [35 85 ], [88 32 ], [23 97 ], [63 57 ], [61 55 ], [56 64 ], [51 69 ], [37 82 ], [96 ], [60 60 ], [41 79 ], [34 86 ], [28 92 ], [92 28 ], [22 98 ], [62 58 ], [79 41 ], [43 45 32 ], [80 40 ], [54 66 ], [85 35 ], [42 78 ], [83 37 ], [90 ], [51 69 ], [93 27 ], [97 ], [94 ], [44 76 ], [24 96 ], [27 91 ], [43 77 ], [37 49 34 ], [86 33 ], [44 76 ], [60 60 ], [85 34 ], [52 68 ], [90 ], [74 46 ], [84 36 ], [27 90 ], [27 93 ], [86 34 ], [41 79 ], [94 26 ], [49 71 ], [65 55 ], [77 43 ], [33 43 44 ], [97 23 ], [97 23 ], [46 73 ], [52 68 ], [85 33 ], [20 100 ], [48 72 ], [97 23 ], [96 24 ], [32 83 ], [53 67 ], [65 55 ], [63 57 ], [25 95 ], [75 45 ], [96 22 ], [34 86 ], [56 64 ], [41 79 ], [99 ], [40 79 ], [27 93 ], [74 46 ], [22 98 ], [22 97 ], [41 79 ], [30 90 ], [40 79 ], [23 97 ], [32 78 ], [23 97 ], [24 96 ], [50 25 45 ], [73 47 ], [38 82 ], [29 91 ], [70 50 ], [84 36 ], [70 50 ], [84 36 ], [46 74 ], [58 62 ], [63 57 ], [72 48 ], [20 100 ], [34 34 52 ], [89 ], [38 82 ], [81 39 ], [32 88 ], [98 21 ], [89 ], [94 26 ], [33 84 ], [94 26 ], [33 78 ], [33 87 ], [29 91 ], [43 77 ], [57 49 ], [95 25 ], [93 27 ], [99 ], [54 66 ], [64 56 ], [94 26 ], [77 43 ]]

=======================================
[binpack1d_14.txt]
Données : nItems = 500, tailleBin = 150
Borne inférieure : 215
> First Fit Decreasing ... 220 (0ms)
[[100 50 ], [100 50 ], [100 50 ], [100 50 ], [99 51 ], [99 51 ], [99 51 ], [99 51 ], [99 51 ], [99 51 ], [99 51 ], [99 50 ], [99 50 ], [99 49 ], [99 49 ], [99 49 ], [98 52 ], [98 52 ], [98 52 ], [98 52 ], [98 52 ], [98 52 ], [98 52 ], [98 52 ], [98 52 ], [97 53 ], [97 53 ], [97 53 ], [97 53 ], [97 53 ], [97 53 ], [97 53 ], [96 54 ], [96 54 ], [96 54 ], [96 54 ], [96 54 ], [95 55 ], [95 55 ], [95 55 ], [94 56 ], [94 56 ], [94 56 ], [94 55 ], [94 55 ], [94 55 ], [94 55 ], [93 57 ], [93 57 ], [93 57 ], [93 57 ], [93 57 ], [93 57 ], [93 57 ], [92 58 ], [92 58 ], [92 58 ], [92 58 ], [92 58 ], [91 59 ], [91 59 ], [91 58 ], [91 57 ], [91 55 ], [91 55 ], [91 55 ], [90 60 ], [90 60 ], [90 60 ], [90 60 ], [90 60 ], [90 60 ], [90 60 ], [90 60 ], [90 60 ], [89 61 ], [89 61 ], [89 61 ], [89 61 ], [89 61 ], [89 60 ], [89 54 ], [88 62 ], [88 62 ], [88 62 ], [88 62 ], [87 63 ], [87 63 ], [87 63 ], [87 63 ], [87 63 ], [87 62 ], [87 62 ], [86 64 ], [86 62 ], [86 62 ], [86 53 ], [86 53 ], [86 53 ], [86 53 ], [86 52 ], [85 65 ], [85 65 ], [85 65 ], [85 65 ], [85 65 ], [85 65 ], [84 66 ], [84 66 ], [84 66 ], [84 66 ], [84 66 ], [84 66 ], [84 66 ], [84 66 ], [83 67 ], [83 67 ], [83 67 ], [82 68 ], [82 68 ], [82 68 ], [82 68 ], [81 69 ], [81 69 ], [81 69 ], [80 70 ], [80 70 ], [80 70 ], [80 70 ], [80 70 ], [80 70 ], [80 70 ], [80 70 ], [80 69 ], [79 71 ], [79 71 ], [79 71 ], [79 71 ], [79 71 ], [79 71 ], [79 71 ], [78 72 ], [78 72 ], [78 72 ], [78 72 ], [78 72 ], [78 72 ], [78 72 ], [78 72 ], [78 71 ], [78 71 ], [77 73 ], [77 73 ], [77 73 ], [77 73 ], [77 73 ], [77 73 ], [77 73 ], [77 69 ], [77 68 ], [77 68 ], [76 74 ], [76 74 ], [76 74 ], [76 74 ], [76 74 ], [76 74 ], [76 68 ], [76 67 ], [76 67 ], [76 67 ], [76 67 ], [75 75 ], [75 75 ], [67 66 ], [66 66 ], [65 65 ], [52 52 46 ], [52 49 49 ], [49 49 49 ], [49 49 48 ], [48 48 48 ], [48 48 48 ], [48 48 47 ], [47 47 47 ], [47 47 46 ], [46 46 46 ], [46 46 45 ], [45 45 45 ], [45 45 45 ], [45 44 44 ], [44 44 44 ], [44 43 43 ], [43 43 43 ], [43 43 43 ], [42 42 42 ], [42 42 42 ], [42 42 42 ], [42 41 41 ], [41 41 41 ], [41 41 41 ], [41 41 40 ], [40 40 40 30 ], [40 40 40 30 ], [40 39 39 32 ], [39 39 38 34 ], [38 38 38 36 ], [38 38 37 37 ], [37 37 37 37 ], [36 36 36 36 ], [36 36 36 35 ], [35 35 35 35 ], [35 35 35 34 ], [34 34 34 34 ], [34 33 33 33 ], [33 33 33 32 ], [32 32 32 32 ], [31 31 31 31 ], [31 31 30 30 ], [30 30 30 ]]

> Recuit Simulé (Un par Bin)... 217 (381ms)
[[85 65 ], [53 48 48 ], [66 84 ], [98 52 ], [69 81 ], [78 72 ], [80 30 40 ], [52 55 43 ], [84 66 ], [93 57 ], [52 98 ], [78 72 ], [31 71 48 ], [59 91 ], [76 74 ], [77 73 ], [65 85 ], [73 77 ], [68 82 ], [93 57 ], [36 38 76 ], [69 43 38 ], [75 32 43 ], [70 ], [89 61 ], [67 83 ], [33 86 31 ], [53 52 45 ], [99 51 ], [77 73 ], [73 77 ], [50 100 ], [37 46 67 ], [88 62 ], [66 38 46 ], [87 63 ], [30 72 48 ], [62 42 46 ], [76 32 42 ], [33 78 39 ], [49 100 ], [46 87 ], [54 34 62 ], [65 41 44 ], [62 45 43 ], [36 73 41 ], [47 91 ], [73 77 ], [79 35 36 ], [82 68 ], [98 49 ], [57 93 ], [55 95 ], [54 96 ], [35 37 78 ], [93 57 ], [91 53 ], [35 69 42 ], [77 73 ], [78 72 ], [60 90 ], [98 52 ], [57 93 ], [88 41 ], [40 77 33 ], [55 94 ], [87 63 ], [48 40 49 ], [78 36 36 ], [84 66 ], [76 74 ], [77 71 ], [41 74 35 ], [76 74 ], [49 34 65 ], [42 40 68 ], [75 75 ], [72 78 ], [55 95 ], [53 97 ], [31 86 33 ], [71 76 ], [97 53 ], [97 53 ], [89 47 ], [87 32 31 ], [30 85 35 ], [60 90 ], [84 66 ], [92 58 ], [52 98 ], [61 45 44 ], [86 47 ], [38 36 76 ], [71 79 ], [54 96 ], [94 56 ], [43 71 36 ], [94 56 ], [98 52 ], [54 96 ], [41 68 41 ], [35 33 82 ], [44 72 34 ], [85 65 ], [89 61 ], [89 61 ], [72 78 ], [99 51 ], [76 74 ], [86 64 ], [45 84 ], [45 38 67 ], [58 42 50 ], [79 71 ], [62 46 42 ], [30 86 34 ], [98 49 ], [80 70 ], [58 92 ], [92 57 ], [52 98 ], [44 40 66 ], [67 83 ], [53 97 ], [47 52 51 ], [94 55 ], [55 52 43 ], [81 69 ], [54 94 ], [80 70 ], [85 65 ], [53 39 58 ], [99 49 ], [49 66 35 ], [80 37 33 ], [65 43 42 ], [72 78 ], [99 51 ], [79 71 ], [59 91 ], [67 83 ], [82 68 ], [52 91 ], [90 60 ], [92 48 ], [100 50 ], [60 90 ], [60 90 ], [87 63 ], [70 80 ], [48 99 ], [46 86 ], [78 41 31 ], [97 53 ], [60 90 ], [79 71 ], [47 86 ], [30 76 44 ], [79 71 ], [54 96 ], [89 41 ], [37 68 45 ], [90 60 ], [34 31 85 ], [57 93 ], [93 57 ], [84 65 ], [50 38 62 ], [97 53 ], [41 30 79 ], [86 32 32 ], [60 90 ], [44 67 39 ], [94 56 ], [42 41 67 ], [92 58 ], [53 97 ], [42 42 66 ], [89 60 ], [55 50 45 ], [74 76 ], [87 63 ], [49 99 ], [48 99 ], [36 37 77 ], [66 84 ], [70 80 ], [98 52 ], [80 70 ], [46 91 ], [88 62 ], [32 52 66 ], [75 45 30 ], [70 80 ], [63 87 ], [35 68 47 ], [90 60 ], [58 91 ], [99 49 ], [34 77 39 ], [89 61 ], [51 99 ], [66 84 ], [67 43 40 ], [51 99 ], [100 50 ], [88 62 ], [49 99 ], [94 37 ], [48 96 ], [95 55 ], [55 40 55 ], [69 81 ], [40 34 76 ], [80 70 ], [99 51 ]]

> Recuit Simulé (FirstFitRandom)... 217 (370ms)
[[70 80 ], [84 66 ], [89 61 ], [91 41 ], [73 77 ], [100 50 ], [40 31 32 47 ], [70 80 ], [60 90 ], [49 55 46 ], [67 83 ], [36 79 35 ], [52 98 ], [66 39 45 ], [58 92 ], [58 92 ], [68 52 30 ], [53 97 ], [84 66 ], [65 85 ], [89 61 ], [57 93 ], [74 76 ], [31 76 43 ], [45 35 70 ], [65 85 ], [34 86 30 ], [85 65 ], [92 58 ], [94 54 ], [87 63 ], [61 89 ], [72 78 ], [42 67 41 ], [58 92 ], [60 90 ], [97 53 ], [86 48 ], [42 30 30 48 ], [99 51 ], [52 98 ], [78 72 ], [30 87 33 ], [86 47 ], [92 58 ], [34 78 38 ], [56 94 ], [55 95 ], [99 50 ], [83 67 ], [94 55 ], [89 45 ], [52 98 ], [81 69 ], [99 51 ], [82 67 ], [32 76 42 ], [91 53 ], [66 84 ], [69 80 ], [38 35 77 ], [82 68 ], [85 65 ], [31 71 48 ], [98 52 ], [99 45 ], [49 99 ], [97 53 ], [42 76 32 ], [96 54 ], [98 52 ], [60 90 ], [77 37 31 ], [54 96 ], [71 79 ], [99 51 ], [66 84 ], [56 94 ], [65 38 47 ], [32 42 39 37 ], [93 57 ], [55 46 49 ], [60 42 48 ], [75 75 ], [66 43 41 ], [84 66 ], [37 43 41 ], [59 46 45 ], [70 80 ], [95 55 ], [86 64 ], [66 84 ], [79 71 ], [100 50 ], [40 78 31 ], [76 74 ], [90 49 ], [78 72 ], [43 68 39 ], [44 38 67 ], [49 99 ], [72 78 ], [68 49 33 ], [62 88 ], [74 76 ], [53 97 ], [43 91 ], [80 70 ], [91 59 ], [91 53 ], [88 62 ], [90 60 ], [98 52 ], [86 41 ], [55 94 ], [30 76 44 ], [56 94 ], [37 82 31 ], [32 71 47 ], [61 89 ], [60 90 ], [36 41 35 38 ], [99 51 ], [40 80 30 ], [88 62 ], [77 73 ], [53 93 ], [47 91 ], [53 97 ], [42 33 40 35 ], [70 80 ], [38 71 41 ], [62 88 ], [72 78 ], [84 66 ], [51 99 ], [75 ], [72 78 ], [97 53 ], [80 34 36 ], [55 46 49 ], [55 94 ], [95 55 ], [62 87 ], [63 44 43 ], [71 79 ], [98 52 ], [76 74 ], [77 73 ], [72 78 ], [77 69 ], [60 89 ], [74 76 ], [83 67 ], [70 34 46 ], [33 75 42 ], [57 93 ], [63 87 ], [36 42 72 ], [49 100 ], [93 57 ], [51 99 ], [44 39 67 ], [57 48 45 ], [71 79 ], [50 100 ], [50 47 53 ], [40 32 78 ], [60 90 ], [99 51 ], [42 52 45 ], [35 67 48 ], [54 96 ], [86 41 ], [40 66 44 ], [34 40 76 ], [52 98 ], [55 91 ], [80 70 ], [36 81 33 ], [57 93 ], [52 48 50 ], [99 49 ], [98 52 ], [85 65 ], [45 57 48 ], [85 65 ], [73 77 ], [87 63 ], [43 71 36 ], [66 84 ], [69 81 ], [86 44 ], [53 97 ], [57 93 ], [62 86 ], [60 90 ], [71 79 ], [34 68 48 ], [69 35 46 ], [54 96 ], [73 77 ], [37 37 74 ], [54 96 ], [73 43 34 ], [87 62 ], [63 87 ], [65 36 49 ], [90 60 ], [33 76 41 ], [68 82 ], [61 89 ], [46 41 62 ], [77 68 ], [73 77 ], [52 40 58 ], [36 79 35 ]]

> Méthode Tabou (Un par Bin)... 217 (4186ms)
[[49 66 35 ], [78 72 ], [41 42 67 ], [92 58 ], [62 88 ], [98 52 ], [30 34 86 ], [87 63 ], [77 73 ], [44 30 76 ], [52 56 42 ], [99 51 ], [91 48 ], [77 33 40 ], [72 78 ], [99 51 ], [41 30 48 31 ], [68 82 ], [47 87 ], [54 96 ], [93 57 ], [79 71 ], [60 90 ], [45 60 45 ], [31 76 43 ], [47 89 ], [50 100 ], [80 32 38 ], [33 44 33 40 ], [35 38 37 40 ], [62 88 ], [49 99 ], [42 46 62 ], [61 89 ], [70 80 ], [70 80 ], [35 41 39 35 ], [38 66 46 ], [94 56 ], [84 66 ], [37 36 77 ], [36 46 68 ], [48 91 ], [74 76 ], [100 50 ], [49 43 58 ], [78 39 33 ], [89 61 ], [74 76 ], [48 91 ], [66 84 ], [70 35 45 ], [65 85 ], [91 48 ], [53 54 43 ], [51 99 ], [73 77 ], [31 67 52 ], [42 55 53 ], [43 69 38 ], [85 65 ], [72 78 ], [42 40 68 ], [81 68 ], [97 53 ], [43 76 31 ], [57 93 ], [85 65 ], [77 73 ], [71 79 ], [79 71 ], [84 66 ], [49 91 ], [49 99 ], [54 96 ], [70 80 ], [74 76 ], [54 96 ], [94 55 ], [52 98 ], [63 87 ], [79 71 ], [79 71 ], [73 77 ], [53 94 ], [78 72 ], [92 57 ], [54 96 ], [84 66 ], [45 30 75 ], [93 57 ], [41 34 75 ], [76 74 ], [72 78 ], [89 61 ], [96 54 ], [62 88 ], [55 94 ], [95 55 ], [90 60 ], [67 83 ], [73 31 46 ], [57 93 ], [58 92 ], [40 94 ], [76 74 ], [36 43 71 ], [53 97 ], [31 32 87 ], [79 71 ], [48 89 ], [90 60 ], [99 51 ], [78 36 36 ], [86 44 ], [43 40 67 ], [41 47 62 ], [35 37 45 33 ], [36 75 39 ], [99 51 ], [100 50 ], [86 45 ], [77 73 ], [60 90 ], [53 97 ], [58 92 ], [60 90 ], [50 99 ], [55 95 ], [99 51 ], [72 78 ], [53 97 ], [52 98 ], [52 98 ], [42 86 ], [52 98 ], [42 45 63 ], [65 35 50 ], [48 55 47 ], [30 53 67 ], [48 55 47 ], [76 74 ], [49 99 ], [76 34 40 ], [65 85 ], [45 34 39 32 ], [60 90 ], [48 44 58 ], [62 88 ], [66 84 ], [52 52 46 ], [86 46 ], [55 94 ], [67 83 ], [42 66 42 ], [57 93 ], [65 85 ], [70 80 ], [78 72 ], [62 41 47 ], [98 52 ], [72 78 ], [93 57 ], [84 41 ], [69 44 37 ], [60 90 ], [82 68 ], [41 65 44 ], [85 65 ], [56 94 ], [33 34 41 42 ], [61 89 ], [75 71 ], [97 53 ], [59 91 ], [67 43 40 ], [63 87 ], [30 34 86 ], [98 52 ], [53 97 ], [37 ], [69 81 ], [53 97 ], [60 90 ], [92 58 ], [82 68 ], [80 32 38 ], [98 52 ], [49 46 55 ], [69 81 ], [80 70 ], [87 63 ], [66 84 ], [93 57 ], [64 86 ], [60 90 ], [80 70 ], [51 99 ], [91 59 ], [95 55 ], [98 52 ], [66 49 35 ], [49 69 32 ], [80 70 ], [61 89 ], [84 66 ], [62 87 ], [41 77 32 ], [77 37 36 ], [67 83 ], [34 30 86 ], [38 76 36 ], [49 99 ], [73 77 ], [50 100 ], [79 71 ], [68 82 ]]

> Méthode Tabou (FirstFitRandom)... 218 (370ms)
[[34 30 86 ], [71 79 ], [44 87 ], [51 99 ], [52 94 ], [70 80 ], [98 52 ], [99 50 ], [93 57 ], [84 66 ], [30 82 38 ], [48 36 66 ], [72 78 ], [86 44 ], [52 65 33 ], [84 42 ], [66 84 ], [39 46 48 ], [45 42 63 ], [98 52 ], [50 55 45 ], [46 96 ], [67 83 ], [80 70 ], [68 82 ], [69 41 40 ], [65 85 ], [55 95 ], [90 60 ], [94 55 ], [70 80 ], [56 47 47 ], [97 53 ], [66 84 ], [72 78 ], [54 96 ], [30 76 43 ], [91 59 ], [87 63 ], [52 41 57 ], [66 43 41 ], [38 86 ], [65 44 41 ], [85 65 ], [94 56 ], [31 33 86 ], [53 97 ], [99 49 ], [85 30 34 ], [93 47 ], [57 93 ], [91 54 ], [90 60 ], [94 49 ], [78 72 ], [51 99 ], [98 52 ], [65 69 ], [88 62 ], [45 51 54 ], [49 89 ], [52 98 ], [49 99 ], [57 93 ], [42 32 76 ], [76 34 40 ], [46 49 55 ], [42 41 67 ], [55 53 42 ], [97 53 ], [52 98 ], [33 71 46 ], [49 99 ], [45 70 35 ], [49 99 ], [90 60 ], [66 84 ], [31 41 41 37 ], [61 89 ], [70 80 ], [61 89 ], [44 86 ], [77 73 ], [80 42 ], [34 72 44 ], [70 43 37 ], [84 66 ], [58 92 ], [33 49 68 ], [73 35 42 ], [96 54 ], [33 76 41 ], [60 90 ], [62 88 ], [82 30 38 ], [63 87 ], [53 91 ], [32 78 40 ], [76 74 ], [32 39 79 ], [60 89 ], [67 83 ], [87 63 ], [62 88 ], [92 58 ], [99 51 ], [68 35 47 ], [73 77 ], [69 81 ], [62 88 ], [37 78 35 ], [98 52 ], [47 67 36 ], [45 43 62 ], [42 77 31 ], [72 78 ], [72 78 ], [71 79 ], [57 93 ], [99 49 ], [77 73 ], [81 69 ], [55 93 ], [92 58 ], [58 92 ], [54 96 ], [50 100 ], [61 48 41 ], [35 80 35 ], [90 60 ], [40 43 67 ], [43 62 45 ], [89 61 ], [71 31 48 ], [43 54 53 ], [86 40 ], [48 37 65 ], [59 91 ], [65 85 ], [96 47 ], [84 66 ], [78 72 ], [73 77 ], [52 98 ], [71 79 ], [66 84 ], [32 48 34 35 ], [91 46 ], [60 90 ], [60 90 ], [70 80 ], [90 60 ], [98 52 ], [55 94 ], [53 97 ], [71 43 36 ], [80 37 33 ], [55 94 ], [93 57 ], [77 36 37 ], [100 50 ], [99 51 ], [100 50 ], [77 30 42 ], [38 34 78 ], [87 62 ], [86 40 ], [86 64 ], [52 98 ], [76 74 ], [57 45 48 ], [51 99 ], [76 38 36 ], [41 89 ], [97 53 ], [74 76 ], [55 95 ], [73 77 ], [36 ], [74 76 ], [75 68 ], [70 77 ], [75 75 ], [71 79 ], [58 92 ], [85 65 ], [53 97 ], [71 79 ], [53 67 30 ], [35 76 39 ], [63 87 ], [75 74 ], [68 82 ], [85 39 ], [60 90 ], [77 73 ], [72 78 ], [89 61 ], [66 44 40 ], [68 46 36 ], [51 99 ], [67 83 ], [36 48 66 ], [100 50 ], [76 74 ], [81 69 ], [55 95 ], [94 56 ], [46 91 ], [62 31 57 ], [97 48 ], [32 87 31 ], [53 45 52 ], [68 40 42 ], [34 67 49 ], [91 58 ], [71 79 ], [38 32 80 ]]

=======================================
[binpack1d_21.txt]
Données : nItems = 141, tailleBin = 10000
Borne inférieure : 11
> First Fit Decreasing ... 12 (1ms)
[[2472 2371 2371 2027 738 ], [2026 1962 1939 1939 1939 118 67 ], [1864 1864 1864 1840 1743 784 32 ], [1681 1681 1639 1554 1542 1298 588 ], [1280 1280 1280 1260 1246 1246 1246 1158 ], [1246 1246 1230 1146 1146 1146 1146 1111 502 67 ], [1111 1111 1111 1111 1111 869 869 869 869 826 118 ], [826 826 826 826 826 826 826 826 826 826 784 784 118 32 ], [784 784 784 784 781 781 668 668 668 668 668 668 668 588 32 ], [668 668 668 648 648 648 648 648 641 641 641 641 502 502 499 499 118 32 ], [499 465 465 465 465 465 465 392 392 392 392 392 390 390 390 293 293 293 231 231 231 199 199 199 118 118 118 118 118 98 98 98 98 98 88 88 88 ], [88 88 ]]

> Recuit Simulé (Un par Bin)... 11 (69ms)
[[1864 1158 465 118 293 1246 1146 1681 2026 ], [1542 231 465 869 668 668 118 668 88 668 88 668 781 826 826 826 ], [826 1864 499 1246 2472 1111 648 118 826 390 ], [465 1864 784 826 1111 231 465 784 499 465 98 1146 32 1230 ], [1111 668 1840 668 98 67 98 784 199 1681 1246 668 869 ], [2371 1146 1246 502 392 1939 392 118 118 1743 32 ], [641 826 1962 1298 869 88 118 32 67 1280 826 231 1639 32 88 ], [1939 738 98 293 588 648 118 784 199 1554 1111 784 1146 ], [1260 869 118 1246 1111 1111 2371 465 781 668 ], [390 826 1280 784 98 668 118 502 88 1280 1939 2027 ], [588 392 641 648 641 502 784 199 392 641 648 648 293 392 826 390 499 826 ]]

> Recuit Simulé (FirstFitRandom)... 11 (67ms)
[[1681 826 784 826 1146 641 1111 98 826 826 88 1146 ], [502 668 1280 67 118 588 1246 98 392 1111 1111 465 392 118 392 784 668 ], [231 98 648 88 2027 641 98 392 784 293 465 88 1111 390 1298 88 502 465 293 ], [502 668 118 465 826 465 1939 668 668 784 1840 738 231 88 ], [1864 668 784 641 1542 1554 1111 588 1246 ], [1639 1111 869 465 869 1230 1158 1939 32 392 293 ], [869 641 390 1146 1681 199 648 199 118 1260 668 118 1246 32 784 ], [781 1962 826 826 1246 781 199 390 67 499 2371 ], [32 648 1280 98 118 869 499 826 648 2026 668 118 1939 231 ], [1280 2472 1246 648 118 2371 1864 ], [1743 499 784 668 1146 668 32 826 1864 118 826 826 ]]

> Méthode Tabou (Un par Bin)... 11 (820ms)
[[2026 199 293 1639 392 781 588 1681 2371 ], [1840 502 1246 826 738 465 1939 826 1111 502 ], [465 1111 1246 1111 826 499 588 32 1681 1246 118 293 784 ], [826 1280 392 1939 1939 1158 32 1146 641 641 ], [648 826 1111 668 668 826 869 88 668 826 67 1111 668 293 648 ], [1146 641 648 2371 98 1864 499 869 1864 ], [668 784 1146 502 1280 1280 641 784 784 231 118 1111 668 ], [869 2027 1554 67 1864 1146 2472 ], [781 826 826 869 1246 1246 32 465 668 1743 1298 ], [1230 784 826 118 668 1962 1542 1260 826 784 ], [98 231 118 231 98 98 390 465 118 499 88 392 668 88 118 118 88 390 199 88 199 392 118 98 648 465 784 32 648 390 668 465 392 118 ]]

> Méthode Tabou (FirstFitRandom)... 11 (67ms)
[[668 1111 32 1681 826 826 392 1639 588 668 784 784 ], [826 1939 784 293 118 1158 826 98 1864 502 88 784 390 231 98 ], [826 1111 88 641 826 588 465 668 1298 502 32 32 784 1939 199 ], [2472 1554 826 118 784 826 648 465 390 869 67 781 199 ], [1939 738 668 1864 869 1542 2371 ], [668 1146 1146 392 2027 118 1743 1246 641 231 641 ], [118 2371 648 499 826 1111 1260 648 869 499 1111 ], [641 1280 784 98 32 668 98 293 668 668 1146 1111 1864 648 ], [502 231 118 465 465 1246 826 826 465 1246 781 118 499 1246 199 118 648 ], [392 392 390 2026 465 1230 1840 67 1962 392 88 88 668 ], [118 1280 869 668 98 88 1111 118 293 1681 1280 1246 1146 ]]

=======================================
[binpack1d_31.txt]
Données : nItems = 160, tailleBin = 1000
Borne inférieure : 61
> First Fit Decreasing ... 62 (0ms)
[[696 303 ], [686 305 ], [686 303 11 ], [683 293 24 ], [675 323 ], [674 321 ], [670 328 ], [670 320 ], [669 318 ], [668 290 40 ], [665 335 ], [663 335 ], [663 286 45 ], [662 283 39 ], [657 341 ], [653 340 ], [649 339 ], [649 273 77 ], [641 359 ], [632 364 ], [632 359 ], [627 370 ], [622 378 ], [621 358 18 ], [620 268 109 ], [619 381 ], [619 263 115 ], [614 383 ], [612 387 ], [608 390 ], [606 389 ], [605 382 ], [603 252 142 ], [603 239 133 22 ], [599 399 ], [599 231 166 ], [598 230 123 32 17 ], [597 403 ], [597 228 173 ], [595 405 ], [593 224 182 ], [575 423 ], [566 430 ], [558 430 ], [556 429 ], [551 448 ], [544 419 31 ], [544 408 29 ], [521 474 ], [518 480 ], [514 484 ], [514 473 ], [505 494 ], [499 496 ], [491 491 ], [490 473 28 ], [466 462 72 ], [462 457 69 ], [224 221 211 211 120 ], [210 209 208 205 120 22 22 ], [197 193 193 185 184 ], [95 92 59 57 ]]

> Recuit Simulé (Un par Bin)... 62 (139ms)
[[142 193 665 ], [496 499 ], [382 603 ], [290 686 24 ], [328 670 ], [268 69 663 ], [627 370 ], [663 335 ], [123 668 209 ], [364 544 92 ], [490 473 ], [378 622 ], [11 230 32 632 95 ], [339 619 ], [22 514 462 ], [430 566 ], [614 383 ], [491 29 480 ], [669 320 ], [696 303 ], [674 224 57 45 ], [273 293 430 ], [429 558 ], [340 653 ], [662 335 ], [474 286 239 ], [252 ], [185 166 649 ], [59 305 632 ], [683 109 208 ], [228 173 599 ], [283 686 31 ], [387 612 ], [77 620 303 ], [597 403 ], [599 18 321 40 22 ], [358 39 603 ], [318 597 ], [359 17 621 ], [115 419 466 ], [120 408 462 ], [544 193 263 ], [551 448 ], [675 323 ], [182 608 210 ], [605 389 ], [133 197 670 ], [211 556 205 28 ], [598 399 ], [575 423 ], [505 494 ], [390 606 ], [641 359 ], [518 473 ], [221 593 184 ], [619 381 ], [72 491 224 211 ], [649 120 231 ], [521 457 22 ], [341 657 ], [484 514 ], [595 405 ]]

> Recuit Simulé (FirstFitRandom)... 62 (139ms)
[[231 649 120 ], [499 491 ], [675 323 ], [430 211 359 ], [358 22 620 ], [268 558 173 ], [665 335 ], [603 305 92 ], [335 663 ], [224 286 490 ], [221 17 32 109 621 ], [484 514 ], [72 208 430 290 ], [193 598 209 ], [24 683 293 ], [551 448 ], [182 185 632 ], [696 303 ], [657 340 ], [593 123 283 ], [670 328 ], [193 210 597 ], [518 480 ], [605 389 ], [544 408 ], [11 619 370 ], [423 575 ], [544 230 224 ], [22 419 556 ], [627 69 303 ], [599 399 ], [599 382 ], [115 211 674 ], [612 387 ], [619 381 ], [603 383 ], [339 649 ], [686 252 57 ], [197 ], [359 641 ], [39 239 663 59 ], [686 95 184 29 ], [405 595 ], [273 606 120 ], [608 390 ], [622 378 ], [18 320 662 ], [670 321 ], [142 653 205 ], [40 263 28 669 ], [668 318 ], [614 341 45 ], [31 496 473 ], [491 462 ], [166 133 473 228 ], [514 22 462 ], [521 474 ], [494 505 ], [597 403 ], [429 566 ], [466 457 77 ], [632 364 ]]

> Méthode Tabou (Un par Bin)... 62 (1329ms)
[[40 657 303 ], [378 620 ], [608 390 ], [305 663 32 ], [653 72 273 ], [208 599 193 ], [423 575 ], [419 24 556 ], [364 632 ], [544 430 ], [491 491 18 ], [340 39 621 ], [665 335 ], [389 605 ], [457 29 514 ], [268 674 57 ], [28 286 686 ], [252 77 670 ], [109 228 663 ], [598 205 197 ], [668 318 ], [123 211 182 484 ], [669 320 ], [518 480 ], [399 408 193 ], [239 462 290 ], [619 381 ], [11 632 224 133 ], [473 514 ], [595 405 ], [490 429 ], [45 358 597 ], [462 230 142 166 ], [474 466 59 ], [115 622 263 ], [696 184 120 ], [224 231 544 ], [209 185 606 ], [382 603 ], [293 22 593 92 ], [551 448 ], [597 403 ], [499 496 ], [221 95 683 ], [210 ], [22 359 619 ], [670 323 ], [566 430 ], [370 627 ], [662 335 ], [505 494 ], [521 473 ], [558 321 120 ], [283 686 31 ], [17 599 211 173 ], [641 359 ], [341 649 ], [675 22 303 ], [328 603 69 ], [387 612 ], [649 339 ], [383 614 ]]

> Méthode Tabou (FirstFitRandom)... 62 (137ms)
[[32 491 408 69 ], [566 268 166 ], [382 597 ], [632 193 173 ], [632 364 ], [473 521 ], [599 59 341 ], [595 405 ], [603 182 22 193 ], [448 551 ], [674 323 ], [544 429 ], [197 621 109 72 ], [230 95 675 ], [340 40 620 ], [419 558 22 ], [11 321 668 ], [17 663 320 ], [491 496 ], [430 556 ], [205 662 133 ], [619 359 22 ], [423 575 ], [593 358 ], [77 239 683 ], [31 283 686 ], [389 598 ], [381 619 ], [209 518 273 ], [211 184 605 ], [430 544 ], [359 641 ], [120 670 210 ], [597 403 ], [224 473 303 ], [115 370 290 224 ], [39 462 499 ], [490 457 ], [383 614 ], [505 494 ], [399 599 ], [335 663 ], [339 657 ], [649 123 228 ], [208 606 185 ], [18 514 466 ], [480 474 45 ], [603 305 92 ], [622 378 ], [318 653 29 ], [665 335 ], [120 211 669 ], [221 ], [686 28 286 ], [387 612 ], [57 293 649 ], [670 328 ], [514 462 24 ], [390 608 ], [696 303 ], [142 231 627 ], [484 252 263 ]]

=======================================
